0 0.278205 0.256728 0.092551 0.063573
0 0.389801 0.279122 0.138227 0.126600
3 0.308419 0.300833 0.040925 0.052035
3 0.261430 0.319819 0.051772 0.036537
4 0.331016 0.445637 0.168178 0.172258
4 0.322656 0.525781 0.185938 0.107813
5 0.153125 0.532031 0.293750 0.095312
5 0.214062 0.525781 0.428125 0.107813
5 0.237920 0.332046 0.437619 0.294135
5 0.175420 0.331319 0.295177 0.248731
8 0.634375 0.271094 0.309375 0.542188
8 0.560636 0.329973 0.099265 0.143333
8 0.787012 0.364640 0.080442 0.130615
8 0.889374 0.362706 0.045731 0.072402
8 0.898804 0.353440 0.103634 0.088700
2 0.583261 0.720934 0.113191 0.120059
3 0.559492 0.777693 0.067660 0.082032
7 0.533594 0.874219 0.107813 0.251563
5 0.504687 0.592969 0.050000 0.026562
5 0.580469 0.818750 0.201563 0.362500
