0 0.507031 0.331250 0.104688 0.112500
0 0.410938 0.354687 0.090625 0.068750
3 0.395313 0.293750 0.057813 0.042188
3 0.452344 0.289844 0.073438 0.059375
4 0.461719 0.067969 0.167187 0.135937
4 0.468750 0.164062 0.181250 0.168750
5 0.314063 0.257031 0.296875 0.264062
5 0.344531 0.246094 0.429688 0.285938
5 0.343750 0.048438 0.431250 0.096875
5 0.285156 0.042188 0.295312 0.084375
0 0.649219 0.017188 0.026562 0.034375
4 0.654687 0.068750 0.043750 0.078125
5 0.650781 0.075000 0.073438 0.150000
5 0.775000 0.049219 0.056250 0.098437
3 0.653125 0.050781 0.012500 0.015625
8 0.182812 0.519531 0.331250 0.260937
8 0.130469 0.453125 0.098437 0.128125
8 0.364844 0.448437 0.079687 0.118750
8 0.467187 0.424219 0.046875 0.070312
8 0.475781 0.422656 0.104688 0.067187
8 0.779687 0.694531 0.440625 0.610938
5 0.696094 0.505469 0.060937 0.121875
