0 0.024219 0.231250 0.048438 0.062500
0 0.153913 0.265228 0.110193 0.070949
4 0.177344 0.367969 0.157812 0.064062
4 0.028125 0.353906 0.056250 0.092188
3 0.014844 0.290625 0.029687 0.034375
3 0.136052 0.322940 0.045694 0.033076
5 0.074219 0.296875 0.148438 0.206250
5 0.167969 0.311719 0.217188 0.176563
8 0.632812 0.200000 0.446875 0.400000
0 0.861719 0.398438 0.007812 0.003125
0 0.295312 0.431250 0.206250 0.062500
3 0.075000 0.418750 0.146875 0.037500
3 0.326840 0.530244 0.102290 0.063091
4 0.271094 0.778125 0.254688 0.443750
4 0.107813 0.728906 0.215625 0.542188
5 0.108594 0.700000 0.217188 0.600000
5 0.256250 0.700000 0.306250 0.600000
8 0.701562 0.805469 0.559375 0.389062
