0 0.399219 0.251563 0.039062 0.065625
0 0.251110 0.284218 0.119205 0.079507
0 0.074219 0.217188 0.148438 0.150000
4 0.384375 0.402344 0.068750 0.151562
4 0.242969 0.417969 0.173437 0.123438
4 0.094531 0.421094 0.189062 0.117188
0 0.392969 0.010156 0.051562 0.020313
5 0.227344 0.007812 0.104688 0.015625
5 0.067969 0.076563 0.135937 0.146875
3 0.263174 0.343457 0.058012 0.035048
3 0.082669 0.339307 0.114453 0.068515
5 0.068750 0.071094 0.137500 0.142187
5 0.254688 0.357812 0.221875 0.243750
5 0.151562 0.304688 0.303125 0.350000
5 0.370312 0.344531 0.096875 0.270313
0 0.865625 0.239844 0.268750 0.479687
7 0.517969 0.239844 0.198437 0.479687
5 0.709375 0.239844 0.581250 0.479687
5 0.296875 0.547656 0.100000 0.135937
5 0.718750 0.634375 0.431250 0.309375
5 0.939063 0.821875 0.121875 0.356250
