2 0.050781 0.496094 0.101562 0.082812
2 0.303583 0.383555 0.124928 0.128843
2 0.259830 0.047849 0.088118 0.053634
2 0.091453 0.080862 0.069259 0.044150
3 0.085876 0.138711 0.037900 0.034593
3 0.266880 0.116563 0.053598 0.040934
3 0.345190 0.467693 0.069314 0.048837
3 0.038159 0.603864 0.072293 0.036356
4 0.067969 0.653906 0.135937 0.192188
4 0.366406 0.537500 0.167187 0.287500
4 0.281470 0.228985 0.177036 0.176018
4 0.094970 0.248822 0.121114 0.203816
5 0.096875 0.649219 0.193750 0.201563
5 0.107813 0.591406 0.215625 0.317188
5 0.321875 0.532813 0.256250 0.434375
5 0.096932 0.283188 0.180345 0.460393
5 0.288029 0.255512 0.230636 0.485684
8 0.696875 0.375000 0.493750 0.750000
7 0.860678 0.216953 0.041134 0.043986
5 0.861395 0.211480 0.071022 0.061347
7 0.613839 0.221514 0.050618 0.053416
5 0.616028 0.208219 0.050945 0.081541
8 0.254688 0.875000 0.390625 0.250000
1 0.632031 0.939844 0.107813 0.120313
4 0.600000 0.875000 0.228125 0.250000
5 0.617188 0.875000 0.334375 0.250000
