2 0.016406 0.053125 0.032813 0.103125
2 0.246875 0.027344 0.143750 0.054688
3 0.275000 0.071016 0.075000 0.060248
4 0.024219 0.218750 0.048438 0.225000
4 0.345313 0.160938 0.331250 0.321875
5 0.053125 0.266406 0.106250 0.426563
5 0.073438 0.239844 0.146875 0.479687
5 0.308594 0.239844 0.501563 0.479687
5 0.253125 0.055469 0.303125 0.110937
8 0.773438 0.284375 0.428125 0.390625
7 0.077344 0.844137 0.129688 0.220259
7 0.275000 0.884375 0.156250 0.231250
3 0.097656 0.727494 0.043750 0.041134
3 0.291406 0.755709 0.048438 0.041189
0 0.307031 0.697714 0.078125 0.064972
0 0.108594 0.674242 0.060937 0.056959
5 0.078125 0.818750 0.156250 0.362500
5 0.263281 0.826562 0.251563 0.346875
8 0.751563 0.592187 0.384375 0.225000
