2 0.306388 0.148107 0.125427 0.074165
2 0.396005 0.053313 0.131777 0.091389
3 0.062500 0.004687 0.040625 0.009375
3 0.407924 0.153386 0.070558 0.042597
4 0.161719 0.057031 0.154688 0.114062
4 0.286719 0.277344 0.357812 0.204687
4 0.423438 0.200781 0.112500 0.204687
5 0.139063 0.125781 0.240625 0.251563
5 0.285156 0.231250 0.389062 0.296875
5 0.393750 0.189844 0.171875 0.379688
4 0.642969 0.111719 0.326562 0.223438
5 0.686719 0.189844 0.414062 0.379688
8 0.168750 0.604688 0.337500 0.450000
5 0.012500 0.643750 0.025000 0.046875
5 0.765625 0.536719 0.456250 0.314063
5 0.578125 0.785937 0.196875 0.384375
4 0.670312 0.398438 0.212500 0.037500
