0 0.190625 0.239063 0.154688 0.088281
0 0.946875 0.265625 0.056250 0.043750
0 0.520312 0.314063 0.109375 0.093750
0 0.823438 0.221094 0.104688 0.068750
0 0.820312 0.053125 0.103906 0.061719
0 0.176563 0.045312 0.135156 0.081250
4 0.834375 0.427344 0.157031 0.221875
4 0.966406 0.398438 0.067187 0.139063
4 0.482812 0.553906 0.185156 0.284375
4 0.132031 0.547656 0.196875 0.417187
0 0.878125 0.274219 0.035156 0.032031
5 0.879687 0.285938 0.044531 0.066406
5 0.953125 0.458594 0.093750 0.442188
5 0.828906 0.043750 0.125000 0.086719
5 0.453125 0.571875 0.263281 0.610156
5 0.824219 0.546094 0.183594 0.724219
5 0.160156 0.549219 0.320312 0.726562
3 0.214844 0.325781 0.064062 0.053125
3 0.507031 0.385937 0.067969 0.042969
3 0.820312 0.297656 0.065625 0.041406
3 0.948438 0.307031 0.040625 0.025781
