4 0.107031 0.036719 0.123438 0.073438
5 0.107813 0.146094 0.215625 0.292187
0 0.773580 0.202886 0.121531 0.105387
0 0.468703 0.083136 0.114972 0.078789
4 0.469531 0.294531 0.120313 0.239063
4 0.791406 0.374219 0.214062 0.151562
0 0.417969 0.133594 0.017188 0.035937
5 0.419531 0.145313 0.020313 0.071875
5 0.820312 0.298438 0.321875 0.303125
5 0.487500 0.243750 0.156250 0.412500
3 0.781301 0.277936 0.074019 0.050427
3 0.465432 0.162810 0.070858 0.047284
4 0.735325 0.651855 0.092443 0.156777
4 0.818726 0.870324 0.113592 0.228770
3 0.724297 0.592412 0.027053 0.042342
3 0.799251 0.731138 0.017642 0.039162
2 0.829012 0.657869 0.074583 0.098865
2 0.731293 0.528386 0.044405 0.056505
5 0.727567 0.714314 0.114375 0.430324
5 0.804688 0.801562 0.168750 0.396875
8 0.683594 0.725000 0.548438 0.550000
