0 0.309210 0.161296 0.080060 0.064990
3 0.318317 0.207280 0.043950 0.034884
4 0.321746 0.289266 0.146276 0.167316
5 0.289062 0.253906 0.281250 0.292187
6 0.904687 0.032813 0.062500 0.065625
9 0.621875 0.200000 0.384375 0.400000
1 0.128906 0.703906 0.257812 0.592187
4 0.214844 0.846094 0.429688 0.307812
5 0.214844 0.700000 0.429688 0.600000
3 0.710938 0.436719 0.231250 0.073438
4 0.744531 0.496875 0.510938 0.193750
5 0.714844 0.518750 0.570312 0.237500
3 0.877344 0.809375 0.245312 0.215625
2 0.841418 0.597897 0.271176 0.151583
4 0.777344 0.928125 0.445312 0.143750
5 0.718750 0.738281 0.562500 0.523438
