5 0.135156 0.089063 0.251563 0.178125
8 0.719531 0.200000 0.560937 0.400000
7 0.655469 0.352550 0.023438 0.056386
5 0.646094 0.344531 0.048438 0.110937
8 0.219531 0.700000 0.439063 0.600000
0 0.495312 0.775555 0.076563 0.073883
2 0.727344 0.988281 0.123438 0.023438
2 0.826562 0.922013 0.128125 0.083558
2 0.869531 0.517575 0.068750 0.044150
2 0.703125 0.585357 0.037500 0.022093
3 0.492969 0.831791 0.039062 0.033040
3 0.701562 0.612692 0.021875 0.017315
3 0.866406 0.573026 0.039062 0.034602
4 0.590625 0.888609 0.146875 0.141479
4 0.878125 0.680907 0.121875 0.200709
4 0.714063 0.655733 0.073438 0.067615
5 0.710938 0.708059 0.106250 0.278743
5 0.564063 0.866406 0.212500 0.267188
5 0.871875 0.927344 0.256250 0.145313
5 0.879687 0.713728 0.182812 0.451064
5 0.973437 0.682031 0.053125 0.479687
