0 0.391162 0.173960 0.222711 0.146332
3 0.385712 0.311533 0.109811 0.076273
4 0.434375 0.419531 0.190625 0.220312
5 0.405469 0.303906 0.248438 0.451562
8 0.764844 0.264844 0.470313 0.529687
5 0.788281 0.012500 0.029687 0.025000
5 0.375000 0.706250 0.190625 0.353125
5 0.244531 0.695312 0.182812 0.331250
5 0.186719 0.648438 0.132812 0.237500
4 0.188281 0.569531 0.057813 0.079687
4 0.270056 0.640486 0.061492 0.096022
4 0.344531 0.615625 0.092188 0.171875
3 0.236162 0.589314 0.011010 0.012627
0 0.239063 0.560156 0.050000 0.060937
1 0.736719 0.917188 0.414062 0.165625
2 0.706250 0.726562 0.353125 0.296875
5 0.764844 0.771875 0.470313 0.456250
