0 0.262500 0.043750 0.218750 0.087500
3 0.056250 0.017969 0.112500 0.035937
3 0.282344 0.161063 0.108594 0.067815
4 0.197656 0.378906 0.276562 0.401562
4 0.075000 0.310937 0.150000 0.537500
5 0.085156 0.289844 0.170313 0.579688
5 0.202344 0.289844 0.348438 0.579688
8 0.800000 0.343750 0.400000 0.471875
5 0.300000 0.789844 0.600000 0.420312
4 0.300000 0.953125 0.600000 0.093750
1 0.357812 0.812500 0.484375 0.240625
2 0.352344 0.598437 0.495312 0.037500
6 0.928335 0.679777 0.035157 0.067387
9 0.800000 0.789844 0.400000 0.420312
