5 0.400000 0.204687 0.265625 0.409375
5 0.282031 0.204687 0.335938 0.409375
7 0.288281 0.150781 0.264062 0.282813
7 0.442188 0.139063 0.125000 0.250000
0 0.351562 0.023438 0.131250 0.046875
0 0.195312 0.025781 0.134375 0.051562
2 0.604688 0.300000 0.006250 0.006250
2 0.623437 0.299219 0.007812 0.009375
2 0.819531 0.307812 0.012500 0.025000
2 0.831250 0.349219 0.018750 0.021875
3 0.828125 0.317188 0.012500 0.021875
3 0.825781 0.360156 0.007812 0.009375
4 0.604688 0.323437 0.012500 0.031250
4 0.622656 0.321875 0.014063 0.028125
4 0.834375 0.382812 0.025000 0.040625
4 0.855469 0.319531 0.043750 0.064062
5 0.850781 0.346094 0.073438 0.126562
5 0.832031 0.372656 0.039062 0.073438
5 0.623437 0.316406 0.018750 0.043750
5 0.605469 0.319531 0.017188 0.046875
0 0.236719 0.538281 0.218750 0.121875
3 0.037500 0.504687 0.075000 0.121875
3 0.267969 0.678125 0.107813 0.064062
4 0.200781 0.854688 0.254688 0.290625
4 0.064062 0.797656 0.128125 0.404687
5 0.064062 0.704688 0.128125 0.590625
5 0.194531 0.735156 0.314063 0.529687
8 0.775000 0.704688 0.450000 0.590625
8 0.775000 0.514062 0.450000 0.209375
7 0.572656 0.614844 0.025000 0.065625
4 0.629687 0.617188 0.009375 0.040625
5 0.651563 0.626563 0.064062 0.148438
