0 0.307842 0.496094 0.100373 0.064062
0 0.108869 0.453906 0.076935 0.064062
0 0.227896 0.540625 0.044023 0.046875
0 0.039062 0.018750 0.078125 0.037500
0 0.013281 0.237500 0.026562 0.096875
3 0.086789 0.489063 0.031405 0.026562
3 0.234727 0.575000 0.028289 0.028125
3 0.304545 0.525781 0.054897 0.035937
7 0.353125 0.589063 0.203125 0.040625
4 0.245312 0.597656 0.075000 0.023438
4 0.065625 0.547656 0.121875 0.123438
5 0.331250 0.524219 0.396875 0.170313
5 0.250781 0.561719 0.117188 0.095312
5 0.104688 0.510156 0.209375 0.198437
6 0.612500 0.485938 0.165625 0.246875
2 0.962500 0.050781 0.075000 0.101562
2 0.850000 0.044531 0.115625 0.089063
4 0.876563 0.286719 0.246875 0.373437
4 0.797873 0.176563 0.166698 0.184375
5 0.774219 0.304688 0.339062 0.609375
5 0.810156 0.304688 0.379688 0.609375
5 0.943750 0.304688 0.112500 0.609375
8 0.264844 0.807813 0.529687 0.384375
1 0.790625 0.839844 0.418750 0.320312
4 0.764844 0.947656 0.470313 0.104688
5 0.764844 0.804688 0.470313 0.390625
