0 0.413366 0.335156 0.100382 0.065625
0 0.213920 0.374219 0.078507 0.065625
0 0.356693 0.407813 0.045585 0.046875
0 0.029687 0.228906 0.059375 0.098437
3 0.014063 0.281250 0.028125 0.046875
3 0.207434 0.414844 0.031405 0.026562
3 0.376563 0.430469 0.028125 0.017188
3 0.421792 0.364063 0.054906 0.037500
7 0.514062 0.407813 0.203125 0.062500
5 0.450000 0.346094 0.337500 0.185938
5 0.397656 0.403125 0.120313 0.071875
5 0.253125 0.382812 0.256250 0.112500
8 0.809375 0.113281 0.381250 0.226562
8 0.870805 0.652344 0.167343 0.295312
8 0.694531 0.519531 0.135937 0.160938
