0 0.273438 0.271875 0.090625 0.109375
8 0.498437 0.164844 0.359375 0.329688
8 0.159375 0.574219 0.318750 0.489063
5 0.229802 0.375447 0.022066 0.032940
0 0.921332 0.730254 0.078561 0.075455
2 0.685813 0.935127 0.122284 0.071022
2 0.597000 0.843207 0.128625 0.086683
2 0.370312 0.712500 0.103125 0.131250
2 0.427294 0.409422 0.086274 0.058312
2 0.579120 0.455616 0.067451 0.045703
2 0.734249 0.532297 0.037636 0.023656
3 0.920078 0.783370 0.039253 0.033040
3 0.734399 0.558079 0.021975 0.017315
3 0.579429 0.508741 0.039262 0.034602
3 0.415153 0.471068 0.051808 0.042487
3 0.333594 0.785156 0.029687 0.051562
3 0.586630 0.940800 0.068977 0.039462
4 0.823471 0.828900 0.149265 0.143051
4 0.553125 0.943750 0.143750 0.112500
4 0.348438 0.842187 0.059375 0.290625
4 0.400000 0.572656 0.162500 0.179688
4 0.562833 0.610204 0.129270 0.197620
4 0.719796 0.599399 0.075400 0.069186
5 0.720864 0.648622 0.121876 0.269450
5 0.846875 0.838281 0.228125 0.323437
5 0.652344 0.937500 0.485938 0.125000
5 0.538281 0.884375 0.285938 0.231250
5 0.392969 0.809375 0.148438 0.381250
5 0.557541 0.640641 0.205670 0.438682
5 0.415625 0.596875 0.193750 0.468750
