0 0.979282 0.184105 0.031614 0.031432
0 0.772795 0.162592 0.030051 0.031423
0 0.820197 0.140995 0.026926 0.031405
0 0.567826 0.137183 0.036337 0.034584
0 0.854191 0.175565 0.028507 0.032976
0 0.943171 0.169052 0.026944 0.032967
0 0.910168 0.152455 0.026926 0.031405
0 0.722505 0.204485 0.035248 0.075200
0 0.894189 0.189078 0.030124 0.037673
0 0.506525 0.172761 0.047420 0.047148
3 0.978928 0.220819 0.026762 0.017342
3 0.941982 0.201074 0.020494 0.015743
3 0.911295 0.182147 0.017387 0.017287
3 0.894635 0.227359 0.023674 0.020449
3 0.852192 0.205239 0.018986 0.020422
3 0.821360 0.173812 0.020531 0.018868
3 0.807934 0.228417 0.020531 0.018868
3 0.773241 0.200874 0.022093 0.018877
3 0.743417 0.188982 0.015789 0.014153
3 0.724322 0.226369 0.018968 0.018859
3 0.684296 0.210512 0.018950 0.017297
3 0.651366 0.200165 0.025218 0.018895
3 0.595534 0.235775 0.017369 0.015725
3 0.567481 0.174678 0.025255 0.022020
3 0.510060 0.207936 0.023692 0.022011
0 0.588857 0.199020 0.041134 0.043986
0 0.650884 0.158758 0.033176 0.031441
0 0.687757 0.172253 0.033176 0.031441
0 0.724612 0.184186 0.033176 0.031441
0 0.743798 0.154612 0.028452 0.028289
0 0.810623 0.190936 0.031632 0.032994
7 0.510487 0.311837 0.087937 0.172375
7 0.570035 0.259844 0.082977 0.148910
7 0.592673 0.325596 0.068987 0.155078
7 0.649913 0.276714 0.082886 0.141098
7 0.688140 0.272249 0.042134 0.129924
7 0.721270 0.299783 0.075074 0.141052
7 0.750021 0.219487 0.025436 0.037645
7 0.766228 0.269578 0.057759 0.130015
7 0.805636 0.299493 0.070295 0.133212
7 0.815546 0.211275 0.053725 0.051872
7 0.852965 0.271645 0.057505 0.108140
7 0.898532 0.293784 0.081178 0.128589
7 0.918662 0.211094 0.022111 0.020440
7 0.934515 0.230716 0.050491 0.042478
7 0.967969 0.282031 0.064062 0.117188
5 0.964063 0.285938 0.071875 0.246875
5 0.936719 0.278906 0.067187 0.260937
5 0.913602 0.179036 0.036974 0.089272
5 0.892969 0.288281 0.098437 0.242188
5 0.851562 0.282813 0.062500 0.253125
5 0.817508 0.178477 0.059049 0.106586
5 0.810156 0.290625 0.092188 0.237500
5 0.765625 0.277344 0.068750 0.264062
5 0.734375 0.272656 0.056250 0.273438
5 0.721875 0.287500 0.081250 0.243750
5 0.696094 0.282031 0.070312 0.254688
5 0.650781 0.275000 0.085938 0.268750
5 0.596094 0.292187 0.092188 0.234375
5 0.567969 0.264062 0.092188 0.290625
5 0.510156 0.277344 0.101562 0.264062
8 0.229687 0.643750 0.359375 0.468750
6 0.337924 0.833815 0.081906 0.191089
6 0.075642 0.851037 0.105889 0.238100
2 0.323186 0.440005 0.028361 0.020476
7 0.327020 0.500961 0.060266 0.076908
7 0.010156 0.610938 0.020313 0.134375
3 0.321169 0.468117 0.018968 0.018859
5 0.328391 0.484564 0.088718 0.105197
5 0.011719 0.671875 0.023438 0.356250
3 0.728125 0.435937 0.093750 0.053125
3 0.965625 0.499219 0.068750 0.107813
4 0.939063 0.782813 0.121875 0.434375
4 0.694101 0.705079 0.262613 0.548366
5 0.688281 0.704688 0.367188 0.590625
5 0.917969 0.704688 0.164062 0.590625
