5 0.103906 0.214844 0.207813 0.429688
8 0.950000 0.167187 0.100000 0.156250
4 0.903125 0.217967 0.035937 0.058022
2 0.904687 0.173427 0.015625 0.012591
3 0.902344 0.185940 0.014063 0.011019
5 0.894531 0.238330 0.062500 0.150364
0 0.420312 0.763024 0.098437 0.059948
0 0.214844 0.736876 0.075000 0.061374
0 0.341406 0.815046 0.042188 0.045558
0 0.063281 0.529945 0.101562 0.092778
3 0.039062 0.577742 0.059375 0.044095
3 0.195312 0.772927 0.031250 0.026744
3 0.352344 0.849357 0.026562 0.026717
3 0.418750 0.794283 0.053125 0.033122
7 0.478125 0.911125 0.198437 0.144904
4 0.366406 0.893806 0.073438 0.064490
4 0.178906 0.843335 0.114062 0.136601
5 0.069531 0.722656 0.139063 0.554688
5 0.429688 0.857031 0.340625 0.285938
5 0.370312 0.862534 0.109375 0.149074
5 0.202344 0.849219 0.229687 0.301563
8 0.756250 0.637753 0.143750 0.293024
8 0.653125 0.482812 0.106250 0.106250
