3 0.560156 0.023438 0.057813 0.046875
4 0.495312 0.175000 0.187500 0.350000
5 0.456250 0.294531 0.265625 0.589063
1 0.382675 0.921028 0.135193 0.141407
1 0.039844 0.758594 0.079687 0.201563
2 0.275781 0.619531 0.092188 0.060937
3 0.256508 0.717944 0.050291 0.050291
3 0.206250 0.972656 0.087500 0.054688
2 0.168635 0.781497 0.205642 0.165253
2 0.334556 0.731679 0.147775 0.155542
4 0.091406 0.856250 0.182812 0.287500
5 0.505469 0.794531 0.167187 0.410938
5 0.278906 0.680469 0.129688 0.182812
5 0.386719 0.812500 0.404687 0.375000
5 0.237500 0.815625 0.475000 0.368750
5 0.096094 0.794531 0.192188 0.410938
5 0.848437 0.778906 0.303125 0.379688
