4 0.187500 0.259375 0.375000 0.518750
4 0.505469 0.267969 0.367188 0.501563
5 0.257812 0.259375 0.515625 0.518750
5 0.482031 0.259375 0.414062 0.518750
0 0.976212 0.162771 0.037991 0.042406
0 0.891256 0.246646 0.046094 0.067451
3 0.964984 0.204890 0.023710 0.023574
4 0.870436 0.337144 0.066952 0.114444
4 0.954665 0.257951 0.065299 0.106623
3 0.897107 0.279490 0.014244 0.015707
5 0.891406 0.363281 0.192188 0.310937
5 0.942969 0.299219 0.114062 0.329688
7 0.385937 0.582812 0.234375 0.128125
5 0.376563 0.759375 0.600000 0.481250
8 0.844531 0.588281 0.310937 0.139063
