3 0.059741 0.317188 0.028252 0.021875
2 0.076765 0.289062 0.032967 0.026562
4 0.372656 0.204687 0.254688 0.409375
4 0.078125 0.377344 0.087500 0.064062
5 0.067187 0.339844 0.134375 0.139063
5 0.313281 0.204687 0.373437 0.409375
1 0.828906 0.203125 0.342187 0.406250
5 0.750000 0.204687 0.500000 0.409375
8 0.750000 0.692969 0.500000 0.567187
6 0.895188 0.885938 0.074365 0.159375
6 0.768750 0.909375 0.093750 0.181250
6 0.526563 0.915625 0.053125 0.168750
2 0.727363 0.507812 0.029815 0.021875
2 0.948762 0.694531 0.017278 0.015625
4 0.954435 0.729688 0.014244 0.031250
5 0.949679 0.717969 0.025373 0.064062
7 0.735539 0.570312 0.066098 0.081250
3 0.726750 0.536719 0.020431 0.020313
5 0.735435 0.552344 0.097539 0.114062
