0 0.119362 0.109488 0.079997 0.054052
0 0.234338 0.085496 0.036065 0.022293
0 0.169398 0.102656 0.043886 0.023947
0 0.378024 0.094760 0.037636 0.023874
0 0.428219 0.060585 0.034502 0.022275
0 0.390629 0.076646 0.034484 0.019150
0 0.186690 0.084488 0.028225 0.017515
3 0.370897 0.111249 0.010992 0.009502
1 0.239711 0.101838 0.017260 0.012700
3 0.174749 0.122905 0.014144 0.014226
3 0.106608 0.153384 0.039208 0.025455
7 0.146696 0.245098 0.163600 0.190953
7 0.230181 0.128510 0.047239 0.063045
7 0.410791 0.102191 0.031395 0.025364
7 0.435156 0.117188 0.029687 0.075000
4 0.399581 0.149193 0.061401 0.080397
4 0.197382 0.126548 0.022084 0.036192
4 0.182348 0.159533 0.066043 0.072639
5 0.427344 0.142969 0.045312 0.195312
5 0.404232 0.155389 0.069804 0.182050
5 0.397105 0.171877 0.074519 0.186792
5 0.243276 0.160387 0.091679 0.182305
5 0.195593 0.165629 0.065126 0.183558
5 0.177056 0.129128 0.055142 0.078761
5 0.160156 0.306250 0.220312 0.465625
4 0.797656 0.019531 0.026562 0.039062
5 0.790625 0.083594 0.068750 0.167187
1 0.385937 0.764844 0.128125 0.226562
5 0.321875 0.769531 0.256250 0.460938
5 0.573227 0.792385 0.084703 0.325964
5 0.509338 0.763443 0.075174 0.299292
5 0.714844 0.799219 0.392188 0.401562
5 0.907031 0.788281 0.185938 0.423438
2 0.917969 0.683594 0.164062 0.173437
2 0.677720 0.690395 0.152481 0.159576
2 0.570194 0.642431 0.015761 0.023619
2 0.499196 0.626852 0.018877 0.022093
4 0.503483 0.695547 0.044295 0.094259
4 0.575885 0.738452 0.042869 0.117678
1 0.926562 0.917969 0.146875 0.164062
1 0.667969 0.916406 0.129688 0.167187
