0 0.211719 0.039062 0.085938 0.057813
0 0.329688 0.010937 0.037500 0.021875
0 0.264062 0.029687 0.048438 0.026562
0 0.480469 0.013281 0.039062 0.026562
0 0.281250 0.010156 0.029687 0.018750
3 0.474219 0.032031 0.010937 0.009375
1 0.337500 0.026562 0.018750 0.014063
3 0.270313 0.051562 0.014063 0.014063
3 0.200781 0.085938 0.042188 0.028125
7 0.249219 0.180469 0.179688 0.204687
7 0.329688 0.055469 0.051562 0.067187
7 0.503906 0.019531 0.010937 0.026562
4 0.490625 0.068750 0.037500 0.087500
4 0.294531 0.053906 0.025000 0.037500
4 0.280469 0.089063 0.071875 0.078125
5 0.490625 0.085156 0.037500 0.170313
5 0.485156 0.095312 0.048438 0.190625
5 0.343750 0.091406 0.103125 0.182812
5 0.294531 0.095312 0.076563 0.190625
5 0.273438 0.058594 0.060937 0.082812
5 0.267969 0.257812 0.251563 0.515625
5 0.029687 0.277344 0.059375 0.454688
5 0.750781 0.334375 0.482812 0.668750
4 0.710938 0.391406 0.403125 0.554688
1 0.670312 0.100781 0.193750 0.201563
8 0.254688 0.834375 0.509375 0.331250
8 0.753125 0.834375 0.487500 0.331250
