0 0.487500 0.039844 0.062500 0.060937
0 0.251563 0.016406 0.096875 0.032813
3 0.474367 0.077975 0.040789 0.028598
3 0.242577 0.039268 0.040780 0.027035
7 0.213993 0.118502 0.149483 0.181415
7 0.458594 0.175000 0.120313 0.200000
5 0.433594 0.247656 0.170313 0.492188
5 0.189844 0.194531 0.235937 0.389062
7 0.843867 0.261489 0.018923 0.029906
0 0.847119 0.239577 0.006305 0.009448
5 0.839097 0.275606 0.033294 0.083194
8 0.930469 0.410938 0.139063 0.331250
5 0.865155 0.496381 0.055233 0.094386
8 0.766406 0.289844 0.467187 0.579688
6 0.346094 0.789844 0.345313 0.420312
6 0.146094 0.789844 0.292187 0.420312
1 0.748437 0.930469 0.459375 0.139063
2 0.764062 0.789062 0.471875 0.240625
5 0.759375 0.800781 0.481250 0.398438
