0 0.354687 0.086362 0.076563 0.050445
0 0.106250 0.110464 0.090625 0.056777
0 0.400781 0.079687 0.035937 0.021875
0 0.413281 0.061719 0.010937 0.017188
3 0.409375 0.100888 0.012500 0.012573
3 0.341406 0.128627 0.037500 0.023656
3 0.107813 0.150298 0.039062 0.022102
7 0.101562 0.233929 0.131250 0.167951
7 0.360156 0.218750 0.117188 0.184375
4 0.401562 0.134375 0.034375 0.071875
5 0.408594 0.141406 0.020313 0.179688
5 0.401562 0.105469 0.034375 0.076563
5 0.354687 0.291406 0.128125 0.476562
5 0.092188 0.292577 0.184375 0.419823
6 0.596094 0.285938 0.354687 0.571875
6 0.845313 0.314844 0.309375 0.629687
5 0.209375 0.814844 0.418750 0.370312
4 0.253125 0.927344 0.331250 0.145313
1 0.292969 0.733594 0.210938 0.207813
