5 0.361098 0.255430 0.280706 0.176627
3 0.345700 0.294584 0.198856 0.073029
5 0.339844 0.228125 0.679688 0.421875
8 0.839844 0.219531 0.320312 0.439063
5 0.075000 0.719531 0.150000 0.560937
5 0.198437 0.735156 0.184375 0.529687
5 0.276695 0.498154 0.038064 0.097093
5 0.182232 0.510423 0.017533 0.059475
4 0.182310 0.523704 0.017378 0.032912
4 0.280711 0.516881 0.015825 0.034466
2 0.274120 0.458324 0.026726 0.028280
2 0.180597 0.497932 0.017306 0.020412
2 0.223657 0.513307 0.094259 0.088045
2 0.295973 0.588670 0.111510 0.099083
2 0.442879 0.458905 0.033012 0.034566
2 0.452899 0.569788 0.100518 0.089644
1 0.528153 0.478722 0.026790 0.039217
1 0.582812 0.522656 0.106250 0.167187
1 0.440790 0.502668 0.023592 0.026699
1 0.465159 0.662688 0.063000 0.086301
1 0.214863 0.613362 0.064608 0.094123
1 0.270909 0.712258 0.085057 0.117678
4 0.056250 0.785937 0.112500 0.428125
4 0.186719 0.825000 0.120313 0.350000
4 0.281250 0.891406 0.225000 0.217188
4 0.446094 0.845313 0.170313 0.309375
4 0.580469 0.774219 0.198437 0.451562
4 0.515299 0.552237 0.039481 0.072102
5 0.919531 0.696094 0.160938 0.514062
