5 0.088281 0.275000 0.176563 0.550000
5 0.039062 0.275000 0.078125 0.550000
5 0.268750 0.275000 0.200000 0.550000
3 0.313600 0.080763 0.054987 0.051881
3 0.142275 0.041914 0.045594 0.048701
3 0.034375 0.037500 0.053125 0.075000
2 0.317188 0.007812 0.065625 0.015625
4 0.295101 0.258220 0.143978 0.308640
4 0.081034 0.258684 0.158559 0.397784
4 0.018750 0.289844 0.037500 0.520312
1 0.500000 0.112500 0.193750 0.225000
4 0.599219 0.339062 0.389062 0.421875
5 0.646875 0.275000 0.556250 0.550000
1 0.239063 0.824219 0.259375 0.207813
2 0.192188 0.617188 0.353125 0.134375
4 0.184375 0.928906 0.368750 0.142187
5 0.184375 0.775000 0.368750 0.450000
7 0.808594 0.932813 0.073438 0.134375
1 0.789882 0.858827 0.022093 0.037627
1 0.486611 0.701211 0.026708 0.025155
1 0.462429 0.841982 0.034566 0.033012
1 0.682950 0.742258 0.037691 0.033031
2 0.670268 0.576701 0.020385 0.012618
2 0.560139 0.582030 0.017260 0.012600
2 0.379688 0.647656 0.021875 0.026562
2 0.490989 0.648059 0.053361 0.040934
2 0.461275 0.777924 0.086328 0.067687
2 0.689631 0.682061 0.075336 0.058249
4 0.691962 0.814083 0.085157 0.134866
4 0.669668 0.607956 0.025182 0.031395
4 0.560348 0.617967 0.029887 0.034548
4 0.513537 0.763557 0.072539 0.114481
4 0.417187 0.921875 0.096875 0.156250
4 0.390625 0.727344 0.043750 0.089063
5 0.406250 0.698438 0.075000 0.140625
5 0.454688 0.867188 0.171875 0.265625
5 0.518933 0.751025 0.143651 0.252390
5 0.558917 0.640633 0.042951 0.131495
5 0.673624 0.616527 0.036501 0.097084
5 0.698112 0.796859 0.151682 0.289935
5 0.814844 0.894531 0.110937 0.210938
5 0.957812 0.846094 0.084375 0.307812
0 0.805229 0.811080 0.044068 0.054942
7 0.971094 0.922656 0.057813 0.154688
