0 0.229783 0.365132 0.187048 0.230760
3 0.197350 0.533705 0.035011 0.054887
0 0.426814 0.151420 0.150528 0.180551
4 0.245312 0.596875 0.212500 0.084375
4 0.439063 0.464062 0.253125 0.350000
5 0.427344 0.349219 0.304688 0.579688
5 0.211719 0.441406 0.307812 0.395313
8 0.780900 0.277050 0.038282 0.067406
8 0.617188 0.503906 0.075000 0.079687
6 0.718454 0.339191 0.006432 0.015661
6 0.704200 0.422707 0.006523 0.023474
6 0.681289 0.444450 0.006577 0.028161
6 0.691637 0.360911 0.004887 0.017215
7 0.623695 0.425364 0.006377 0.010974
7 0.647214 0.418469 0.007976 0.014108
7 0.664483 0.411538 0.006377 0.010974
7 0.670724 0.412356 0.006432 0.015661
0 0.623840 0.412864 0.004742 0.004715
0 0.648131 0.406755 0.004742 0.004715
5 0.623631 0.430833 0.014517 0.039144
5 0.647168 0.422375 0.009793 0.035992
5 0.663629 0.417783 0.009775 0.034430
5 0.670651 0.418606 0.009793 0.035992
7 0.869224 0.609617 0.012827 0.028198
5 0.864844 0.614844 0.023438 0.048438
0 0.996094 0.532813 0.007812 0.006250
0 0.967734 0.536748 0.004742 0.004715
7 0.967589 0.549248 0.007958 0.012545
7 0.995313 0.546094 0.009375 0.014063
5 0.995313 0.540625 0.009375 0.025000
5 0.967625 0.546123 0.009648 0.023492
5 0.757925 0.371454 0.009702 0.028180
0 0.827910 0.332796 0.004724 0.003152
5 0.827038 0.340604 0.009611 0.020367
6 0.726121 0.351736 0.006414 0.014099
6 0.679327 0.344432 0.004887 0.017215
7 0.728919 0.312687 0.006359 0.009411
5 0.728092 0.316589 0.008067 0.021920
8 0.706463 0.295368 0.022330 0.039190
9 0.731754 0.270514 0.025255 0.022020
9 0.754183 0.290177 0.028416 0.025164
7 0.961440 0.406234 0.004797 0.009402
5 0.961422 0.407796 0.008049 0.020358
4 0.242188 0.721875 0.171875 0.165625
5 0.348438 0.819531 0.412500 0.360938
8 0.903906 0.789844 0.192188 0.301563
8 0.778712 0.713660 0.087137 0.103625
