5 0.544531 0.348438 0.229687 0.421875
5 0.385156 0.358594 0.314063 0.401562
5 0.178906 0.345313 0.285938 0.428125
5 0.091406 0.386719 0.182812 0.345313
3 0.035156 0.352206 0.053125 0.049056
3 0.187500 0.293402 0.040625 0.069223
3 0.349219 0.312614 0.059375 0.056941
3 0.522656 0.270752 0.057813 0.056923
2 0.510156 0.180273 0.068750 0.058612
2 0.335156 0.209653 0.087500 0.074456
2 0.135156 0.185418 0.098437 0.094895
2 0.027344 0.260937 0.054688 0.075000
4 0.064062 0.465625 0.128125 0.187500
4 0.167969 0.437500 0.189062 0.243750
4 0.383594 0.440625 0.207813 0.237500
4 0.554688 0.423438 0.165625 0.271875
1 0.492969 0.918750 0.332813 0.162500
2 0.468750 0.716406 0.381250 0.314063
5 0.329688 0.779687 0.659375 0.440625
6 0.949219 0.982031 0.035937 0.035937
9 0.829688 0.804688 0.340625 0.390625
