0 0.347656 0.078906 0.189062 0.157812
3 0.302344 0.193189 0.035937 0.053334
4 0.332813 0.288281 0.212500 0.160938
4 0.519531 0.184375 0.276562 0.368750
5 0.517969 0.184375 0.342187 0.368750
5 0.316406 0.184375 0.329688 0.368750
5 0.068750 0.217188 0.137500 0.303125
8 0.891406 0.133594 0.217188 0.267188
9 0.126562 0.689180 0.034375 0.033012
9 0.194531 0.677065 0.031250 0.026744
9 0.167187 0.685037 0.028125 0.025164
8 0.434375 0.695983 0.029687 0.032985
9 0.406250 0.703959 0.032813 0.029878
3 0.455469 0.760704 0.007812 0.010983
0 0.458594 0.742717 0.020313 0.032931
5 0.439063 0.830330 0.060937 0.212855
4 0.328125 0.713007 0.029687 0.054860
0 0.332031 0.673141 0.015625 0.020403
5 0.321094 0.751329 0.057813 0.183149
8 0.844531 0.687500 0.310937 0.468750
