2 0.519531 0.026562 0.192188 0.053125
9 0.334375 0.209375 0.668750 0.418750
3 0.108594 0.020313 0.170313 0.040625
3 0.504353 0.128125 0.130106 0.071875
4 0.457813 0.273438 0.393750 0.290625
4 0.093750 0.214062 0.187500 0.409375
5 0.137500 0.209375 0.275000 0.418750
5 0.419531 0.209375 0.498437 0.418750
1 0.755469 0.197656 0.173437 0.395313
4 0.834375 0.372656 0.331250 0.092188
5 0.834375 0.209375 0.331250 0.418750
5 0.452344 0.709375 0.432812 0.581250
3 0.834375 0.620313 0.331250 0.331250
7 0.834375 0.826562 0.331250 0.346875
5 0.834375 0.709375 0.331250 0.581250
