2 0.153125 0.049219 0.053125 0.070312
9 0.089844 0.276562 0.179688 0.553125
4 0.104688 0.336719 0.150000 0.332813
5 0.089844 0.315625 0.179688 0.628125
7 0.382031 0.360938 0.017188 0.031250
0 0.378125 0.337500 0.006250 0.009375
5 0.382031 0.376563 0.029687 0.090625
5 0.754687 0.179688 0.009375 0.026562
8 0.747656 0.183594 0.075000 0.112500
9 0.719531 0.214844 0.028125 0.040625
9 0.682031 0.241406 0.056250 0.079687
7 0.743750 0.222656 0.009375 0.020313
5 0.745313 0.232031 0.014063 0.056250
8 0.564844 0.466406 0.207813 0.326562
5 0.481250 0.590625 0.053125 0.078125
8 0.486719 0.314844 0.614062 0.629687
8 0.868750 0.108594 0.025000 0.043750
9 0.799219 0.092188 0.010937 0.017188
9 0.818750 0.079687 0.006250 0.009375
9 0.821094 0.092969 0.012500 0.017188
9 0.821875 0.110156 0.017188 0.020313
9 0.811719 0.117969 0.017188 0.025000
9 0.801562 0.132812 0.018750 0.025000
9 0.784375 0.126562 0.017188 0.020313
9 0.068750 0.915625 0.137500 0.156250
7 0.430469 0.848437 0.017188 0.031250
0 0.426563 0.825000 0.006250 0.009375
5 0.430469 0.864062 0.029687 0.090625
5 0.803125 0.667188 0.009375 0.026562
8 0.795312 0.678125 0.075000 0.096875
9 0.767969 0.702344 0.028125 0.040625
9 0.730469 0.728906 0.056250 0.079687
7 0.792188 0.710156 0.009375 0.020313
5 0.793750 0.719531 0.014063 0.056250
8 0.613281 0.895312 0.207813 0.209375
8 0.510938 0.814844 0.662500 0.370312
