0 0.425781 0.100781 0.085938 0.132812
2 0.122656 0.131883 0.181250 0.071367
9 0.234375 0.279687 0.468750 0.559375
3 0.446875 0.207031 0.043750 0.089063
3 0.112500 0.237293 0.123438 0.069468
4 0.151562 0.400000 0.303125 0.318750
4 0.424219 0.392188 0.089063 0.334375
4 0.081250 0.060156 0.162500 0.120313
5 0.114844 0.064844 0.229687 0.129688
5 0.382031 0.296094 0.173437 0.526563
5 0.191406 0.320312 0.382812 0.478125
1 0.521875 0.067969 0.106250 0.135937
5 0.660937 0.279687 0.384375 0.559375
4 0.576562 0.328906 0.215625 0.460938
1 0.245312 0.900781 0.446875 0.198437
2 0.234375 0.696094 0.468750 0.251563
5 0.234375 0.779687 0.468750 0.440625
5 0.747656 0.779687 0.504687 0.440625
4 0.782031 0.779687 0.426563 0.440625
