0 0.353906 0.465625 0.057813 0.064844
0 0.164844 0.398438 0.089063 0.111719
0 0.460938 0.696094 0.025000 0.030469
0 0.733594 0.643750 0.037500 0.039062
2 0.814063 0.692969 0.025781 0.032031
4 0.816406 0.766406 0.046094 0.095312
7 0.744531 0.745313 0.039844 0.130469
4 0.472656 0.757812 0.046875 0.078906
5 0.815625 0.807813 0.064844 0.261719
5 0.735156 0.790625 0.062500 0.332031
5 0.470313 0.807813 0.053125 0.256250
5 0.351562 0.714844 0.123438 0.561719
5 0.152344 0.671094 0.292187 0.657813
4 0.183594 0.610938 0.177344 0.304688
4 0.343750 0.617188 0.084375 0.184375
4 0.453125 0.392188 0.014844 0.033594
0 0.454688 0.365625 0.012500 0.014063
5 0.456250 0.414062 0.027344 0.114844
