0 0.227196 0.182812 0.163036 0.092188
0 0.227344 0.024219 0.126562 0.048438
0 0.438281 0.007031 0.067187 0.014063
3 0.224208 0.025000 0.045512 0.034375
3 0.207306 0.244531 0.031459 0.035937
4 0.461504 0.060156 0.072320 0.076563
4 0.317188 0.100781 0.218750 0.201563
4 0.288787 0.339062 0.241943 0.226562
5 0.450000 0.056250 0.093750 0.112500
5 0.294531 0.152344 0.270313 0.304688
5 0.246094 0.346094 0.385937 0.426563
8 0.800000 0.253125 0.400000 0.506250
8 0.433594 0.779687 0.332813 0.440625
8 0.257031 0.882812 0.335938 0.234375
9 0.560731 0.874219 0.065880 0.043750
5 0.186889 0.943750 0.048947 0.087500
5 0.712500 0.779687 0.225000 0.440625
5 0.850781 0.779687 0.298438 0.440625
2 0.807031 0.592187 0.170313 0.065625
4 0.889062 0.945312 0.221875 0.109375
1 0.829963 0.811719 0.165499 0.246875
1 0.617188 0.792188 0.034375 0.206250
