0 0.211719 0.282851 0.165625 0.097839
0 0.260156 0.099757 0.131250 0.105451
0 0.468750 0.152450 0.068750 0.039462
3 0.248438 0.125606 0.046875 0.036210
3 0.176563 0.338525 0.032813 0.036128
4 0.475000 0.221163 0.073438 0.080115
4 0.322656 0.223612 0.225000 0.215372
4 0.231250 0.431250 0.246875 0.196875
5 0.467187 0.204021 0.096875 0.139626
5 0.295312 0.235490 0.278125 0.387556
5 0.191406 0.378125 0.382812 0.303125
6 0.967969 0.145941 0.057813 0.108149
6 0.779687 0.024219 0.031250 0.048438
6 0.905469 0.003906 0.010937 0.007812
6 0.976562 0.010156 0.012500 0.020313
9 0.825000 0.283594 0.350000 0.492188
8 0.132031 0.764844 0.264062 0.470313
9 0.622656 0.588237 0.040625 0.033049
9 0.632031 0.616406 0.035937 0.051562
9 0.615625 0.617184 0.067187 0.048828
9 0.519531 0.617743 0.056250 0.050327
9 0.369531 0.616272 0.057813 0.053461
9 0.246094 0.614646 0.059375 0.053470
8 0.825000 0.764844 0.350000 0.470313
8 0.825000 0.764844 0.350000 0.470313
