0 0.372599 0.458594 0.175591 0.101562
0 0.367543 0.260937 0.138136 0.109375
0 0.594065 0.253906 0.072111 0.040625
3 0.363810 0.290625 0.050218 0.037500
3 0.352682 0.526563 0.034593 0.037500
4 0.609375 0.321875 0.059375 0.084375
4 0.466599 0.367188 0.237256 0.226562
4 0.442188 0.551562 0.262500 0.096875
5 0.596875 0.307812 0.084375 0.146875
5 0.443284 0.388281 0.296113 0.406250
5 0.398438 0.501563 0.421875 0.196875
8 0.833594 0.122656 0.332813 0.245312
8 0.925781 0.266406 0.148438 0.476562
5 0.769778 0.095312 0.028498 0.064062
8 0.298438 0.817187 0.596875 0.365625
7 0.322127 0.885156 0.045558 0.042188
5 0.322131 0.885938 0.058258 0.076563
4 0.970313 0.892969 0.059375 0.214062
0 0.944020 0.885156 0.034784 0.070312
0 0.924034 0.941406 0.047130 0.043750
0 0.890286 0.914844 0.025264 0.045312
0 0.809322 0.829688 0.122366 0.084375
0 0.770859 0.932813 0.086337 0.068750
0 0.738281 0.980469 0.051562 0.039062
0 0.679688 0.957812 0.081250 0.084375
5 0.803906 0.699219 0.273438 0.198437
3 0.841958 0.933594 0.070676 0.062500
5 0.939509 0.915625 0.046076 0.131250
5 0.920151 0.945312 0.037864 0.062500
5 0.890625 0.889062 0.218750 0.221875
5 0.775000 0.949219 0.081250 0.101562
5 0.764062 0.980469 0.090625 0.039062
5 0.803906 0.941406 0.329688 0.117188
