0 0.553513 0.128622 0.080287 0.052026
0 0.435743 0.179304 0.079289 0.100455
3 0.438686 0.194911 0.042678 0.042433
3 0.562742 0.208251 0.050691 0.059666
4 0.596875 0.360938 0.106250 0.296875
7 0.431250 0.370312 0.181250 0.278125
5 0.410156 0.314063 0.323437 0.390625
5 0.561719 0.254688 0.176563 0.509375
7 0.903521 0.337571 0.182051 0.204170
0 0.780547 0.298445 0.082868 0.139535
3 0.813640 0.341218 0.028798 0.057976
5 0.868750 0.353125 0.262500 0.312500
8 0.228906 0.754687 0.457813 0.490625
5 0.016406 0.790625 0.032813 0.103125
