0 0.400000 0.082031 0.159375 0.164062
8 0.056250 0.213281 0.112500 0.426563
7 0.363281 0.366406 0.232813 0.267188
3 0.404094 0.243736 0.108403 0.102817
5 0.253125 0.250000 0.453125 0.500000
2 0.859375 0.469531 0.131250 0.060937
2 0.759732 0.380019 0.136465 0.092207
2 0.521094 0.246094 0.082812 0.139063
2 0.898361 0.038687 0.040770 0.025473
3 0.898520 0.066030 0.025109 0.019041
3 0.728125 0.017969 0.040625 0.035937
3 0.752344 0.482812 0.073438 0.034375
4 0.963281 0.357031 0.073438 0.151562
4 0.718750 0.466406 0.150000 0.067187
4 0.550781 0.093750 0.142187 0.187500
4 0.713732 0.127157 0.134049 0.214045
4 0.884721 0.111179 0.080106 0.072802
5 0.887379 0.165113 0.123566 0.292043
5 0.957031 0.346875 0.085938 0.306250
5 0.703125 0.401562 0.296875 0.196875
5 0.710156 0.199219 0.207813 0.398438
5 0.564844 0.185156 0.170313 0.370312
8 0.239844 0.750000 0.479687 0.500000
