2 0.122656 0.174606 0.010937 0.009439
2 0.071875 0.158686 0.012500 0.012573
2 0.058594 0.171108 0.009375 0.009430
4 0.122656 0.212106 0.020313 0.034493
4 0.077344 0.193874 0.014063 0.032894
4 0.055469 0.204684 0.020313 0.032931
5 0.056250 0.228126 0.032813 0.126753
5 0.075000 0.184485 0.023438 0.062636
5 0.101562 0.197921 0.029687 0.073610
4 0.103125 0.197930 0.021875 0.039190
4 0.121875 0.224602 0.026562 0.112655
7 0.243750 0.253906 0.312500 0.310937
3 0.290625 0.104490 0.098437 0.092760
5 0.314844 0.204687 0.470313 0.409375
8 0.657813 0.301563 0.215625 0.215625
8 0.224219 0.780469 0.448437 0.439063
4 0.625781 0.913281 0.151562 0.173437
3 0.660937 0.802355 0.082812 0.064544
2 0.646875 0.646023 0.132812 0.102335
5 0.691406 0.792188 0.282813 0.415625
