0 0.094531 0.016406 0.089063 0.032813
3 0.092188 0.010156 0.046875 0.020313
3 0.217188 0.054384 0.056250 0.067842
4 0.232813 0.238159 0.184375 0.331833
7 0.061719 0.196094 0.123438 0.351562
5 0.082031 0.300000 0.164062 0.600000
5 0.248438 0.300000 0.346875 0.600000
8 0.750000 0.310937 0.500000 0.578125
8 0.745313 0.300000 0.490625 0.600000
8 0.250000 0.800000 0.500000 0.400000
4 0.373437 0.883491 0.059375 0.071003
2 0.370312 0.824079 0.029687 0.020658
3 0.367969 0.845146 0.025000 0.019041
5 0.368750 0.904687 0.096875 0.190625
1 0.693750 0.910937 0.387500 0.178125
2 0.707031 0.732812 0.414062 0.256250
5 0.750000 0.800000 0.500000 0.400000
