2 0.046478 0.223236 0.010992 0.009439
2 0.096596 0.203214 0.012573 0.012573
2 0.109809 0.215010 0.010992 0.009439
4 0.050162 0.261540 0.023647 0.036074
4 0.094825 0.239142 0.017378 0.032912
4 0.116654 0.247082 0.025209 0.036083
5 0.118857 0.271315 0.047629 0.129960
5 0.095660 0.229772 0.030060 0.064235
5 0.069788 0.245247 0.036383 0.076772
4 0.068221 0.246019 0.025236 0.040770
4 0.052437 0.273272 0.039726 0.114290
7 0.067187 0.325781 0.134375 0.367188
5 0.071094 0.254688 0.142187 0.509375
6 0.471505 0.430520 0.039453 0.067415
6 0.718794 0.360862 0.025318 0.054833
6 0.843939 0.336590 0.022130 0.043877
6 0.968067 0.352937 0.018995 0.042297
4 0.530377 0.248825 0.012655 0.026635
5 0.531889 0.257428 0.022284 0.070440
1 0.109375 0.615625 0.218750 0.212500
4 0.109375 0.812500 0.218750 0.375000
5 0.109375 0.754687 0.218750 0.490625
5 0.544193 0.629544 0.047430 0.095585
8 0.786144 0.671578 0.097548 0.116189
8 0.544531 0.686719 0.457813 0.354687
