2 0.266245 0.143125 0.011001 0.011001
2 0.317789 0.139700 0.012573 0.012573
2 0.326469 0.154494 0.011001 0.011001
4 0.257851 0.177550 0.025209 0.036083
4 0.304694 0.171809 0.017378 0.032912
4 0.321968 0.186553 0.025200 0.034520
5 0.316627 0.208459 0.053852 0.125309
5 0.308550 0.163192 0.033176 0.062691
5 0.280462 0.169606 0.039490 0.073665
4 0.278899 0.169615 0.026799 0.040780
4 0.255575 0.189283 0.044386 0.109630
7 0.148438 0.203125 0.296875 0.371875
3 0.124219 0.044531 0.107813 0.089063
5 0.178125 0.194531 0.356250 0.389062
6 0.712638 0.322986 0.055169 0.083131
6 0.885176 0.301670 0.029997 0.053298
4 0.611479 0.124350 0.011056 0.020376
5 0.612301 0.131376 0.023756 0.054824
9 0.744531 0.344531 0.510938 0.089063
8 0.248040 0.665559 0.216534 0.157504
4 0.142003 0.702896 0.037809 0.053343
2 0.146450 0.661463 0.015698 0.012591
3 0.143393 0.673200 0.014126 0.011019
5 0.131952 0.720924 0.069559 0.139462
9 0.428125 0.737500 0.121875 0.065625
6 0.858445 0.600519 0.023683 0.042324
6 0.668297 0.549280 0.029969 0.048610
9 0.744531 0.694531 0.510938 0.610938
