0 0.082700 0.136440 0.087855 0.061956
0 0.207274 0.198823 0.089708 0.111974
3 0.202686 0.215956 0.047157 0.048983
3 0.066017 0.222959 0.056632 0.066280
4 0.041406 0.360156 0.082812 0.279687
7 0.196875 0.375781 0.212500 0.248438
5 0.221875 0.314844 0.365625 0.370312
5 0.089063 0.250000 0.178125 0.500000
1 0.763281 0.298438 0.448437 0.403125
2 0.769531 0.074219 0.460938 0.148438
4 0.769531 0.422656 0.460938 0.154688
5 0.769531 0.250000 0.460938 0.500000
4 0.269531 0.897656 0.539062 0.204687
1 0.203906 0.698438 0.407813 0.396875
5 0.269531 0.750000 0.539062 0.500000
3 0.619531 0.681250 0.160938 0.362500
7 0.769531 0.842187 0.460938 0.315625
5 0.769531 0.750000 0.460938 0.500000
