0 0.372656 0.051562 0.182812 0.103125
8 0.721875 0.210938 0.175000 0.421875
2 0.189382 0.230193 0.010992 0.009439
2 0.140059 0.211938 0.012573 0.012573
2 0.126065 0.223575 0.009430 0.009430
4 0.186475 0.267675 0.022084 0.036065
4 0.141821 0.246322 0.015816 0.032903
4 0.120782 0.255574 0.023637 0.034511
5 0.120137 0.279007 0.042924 0.126808
5 0.140990 0.237724 0.026935 0.064217
5 0.166072 0.251932 0.033240 0.073628
4 0.167639 0.252722 0.023674 0.040761
4 0.184981 0.279385 0.035030 0.112700
7 0.290625 0.291406 0.353125 0.276562
3 0.358582 0.174148 0.103689 0.097475
5 0.403906 0.214844 0.592187 0.429688
8 0.904687 0.278125 0.190625 0.303125
5 0.505469 0.488281 0.504687 0.117188
1 0.904687 0.621094 0.190625 0.382812
5 0.848437 0.710156 0.078125 0.560937
4 0.904687 0.881250 0.190625 0.237500
5 0.904687 0.714844 0.190625 0.570312
