4 0.056250 0.086719 0.112500 0.173437
5 0.435937 0.282031 0.146875 0.564063
5 0.155469 0.334375 0.310937 0.668750
4 0.825529 0.211488 0.303256 0.417535
0 0.960938 0.080469 0.078125 0.160938
5 0.807813 0.334375 0.384375 0.668750
7 0.012819 0.730160 0.015026 0.082976
4 0.310937 0.736719 0.228125 0.135937
5 0.160156 0.970313 0.054688 0.059375
5 0.022656 0.760938 0.045312 0.184375
5 0.265625 0.814844 0.378125 0.292187
5 0.465625 0.819531 0.087500 0.301563
8 0.754687 0.834375 0.490625 0.331250
8 0.644531 0.834375 0.270313 0.331250
