4 0.046094 0.234375 0.092188 0.468750
4 0.322656 0.282813 0.267188 0.371875
4 0.448954 0.095755 0.031905 0.112682
4 0.536719 0.200000 0.157812 0.400000
4 0.579688 0.085938 0.059375 0.171875
4 0.607031 0.165625 0.045312 0.331250
5 0.481250 0.083594 0.100000 0.167187
5 0.582812 0.234375 0.093750 0.468750
5 0.510938 0.234375 0.237500 0.468750
0 0.321094 0.234375 0.404687 0.468750
0 0.089063 0.234375 0.178125 0.468750
9 0.314844 0.234375 0.629687 0.468750
4 0.861719 0.391406 0.195312 0.154688
3 0.824090 0.284764 0.087900 0.069259
2 0.853928 0.124439 0.141252 0.108631
5 0.814844 0.264844 0.370312 0.407813
8 0.137500 0.900000 0.275000 0.200000
8 0.378906 0.929688 0.501563 0.140625
4 0.928125 0.925000 0.128125 0.150000
2 0.985938 0.814844 0.028125 0.057813
5 0.864844 0.885938 0.270313 0.228125
