0 0.259662 0.179099 0.083431 0.106732
0 0.110557 0.197762 0.089644 0.100518
2 0.389523 0.209541 0.087891 0.067697
2 0.011719 0.181250 0.023438 0.084375
3 0.392457 0.311117 0.042597 0.070558
3 0.250029 0.268884 0.045558 0.042451
3 0.095473 0.290640 0.047166 0.050273
4 0.070312 0.403906 0.131250 0.210938
4 0.246094 0.396094 0.142187 0.226562
4 0.430469 0.417969 0.142187 0.182812
5 0.382812 0.337500 0.253125 0.343750
5 0.238281 0.312500 0.239063 0.393750
5 0.082812 0.322656 0.165625 0.373437
5 0.917903 0.221954 0.095086 0.230233
4 0.907456 0.171895 0.031550 0.051744
0 0.913419 0.122712 0.023601 0.028261
3 0.915881 0.143038 0.006305 0.009411
1 0.267969 0.694531 0.482812 0.320312
4 0.254688 0.904687 0.509375 0.190625
5 0.254688 0.754687 0.509375 0.490625
8 0.649219 0.754687 0.279687 0.490625
