8 0.304688 0.279687 0.609375 0.559375
5 0.083594 0.046875 0.167187 0.093750
7 0.418746 0.263129 0.204509 0.388664
0 0.418750 0.035156 0.087500 0.070312
5 0.348438 0.279687 0.453125 0.559375
6 0.475041 0.840259 0.030269 0.050173
6 0.420254 0.781343 0.015934 0.026653
6 0.402512 0.761707 0.011137 0.017251
6 0.390939 0.749139 0.007976 0.014108
6 0.386324 0.742862 0.006395 0.012536
6 0.380919 0.737361 0.006377 0.010974
6 0.375523 0.731079 0.006432 0.015661
6 0.202267 0.781637 0.023892 0.039199
6 0.254883 0.758504 0.014353 0.025082
6 0.275314 0.748466 0.011174 0.020376
6 0.302803 0.736125 0.007976 0.014108
6 0.309871 0.733041 0.006377 0.010974
6 0.314594 0.729944 0.006359 0.009411
6 0.316993 0.725270 0.004851 0.014090
6 0.373170 0.731847 0.003234 0.009393
6 0.370072 0.729485 0.004778 0.007840
6 0.359943 0.727082 0.004778 0.007840
6 0.343573 0.723862 0.004778 0.007840
6 0.326413 0.721418 0.003198 0.006268
6 0.313096 0.724466 0.003216 0.007831
6 0.310770 0.722890 0.003234 0.009393
6 0.302204 0.720496 0.003216 0.007831
6 0.289731 0.718079 0.003216 0.007831
6 0.265558 0.714032 0.004778 0.007840
6 0.229656 0.710698 0.004778 0.007840
6 0.198434 0.708173 0.004778 0.007840
6 0.167220 0.704866 0.004778 0.007840
6 0.116502 0.699102 0.003216 0.007831
6 0.136779 0.702345 0.004778 0.007840
6 0.107118 0.699828 0.004778 0.007840
6 0.078258 0.695754 0.004760 0.006277
6 0.060289 0.695649 0.004797 0.009402
6 0.030647 0.691570 0.004797 0.009402
6 0.015794 0.692265 0.004797 0.009402
6 0.488859 0.727051 0.003216 0.007831
6 0.486579 0.721569 0.003216 0.007831
9 0.304688 0.902344 0.609375 0.195312
2 0.553748 0.723522 0.006305 0.004724
2 0.529693 0.709319 0.003180 0.004706
2 0.515458 0.724080 0.003180 0.004706
2 0.509916 0.730299 0.003198 0.006268
2 0.483772 0.694207 0.006323 0.006286
4 0.480456 0.710595 0.009611 0.020367
4 0.528784 0.720251 0.006414 0.014099
4 0.555174 0.735250 0.007940 0.010983
4 0.527085 0.731961 0.007958 0.012545
5 0.551213 0.739915 0.019223 0.040734
5 0.530383 0.717136 0.009611 0.020367
5 0.520000 0.736608 0.020712 0.034493
5 0.516184 0.728772 0.007958 0.012545
5 0.509062 0.736544 0.011156 0.018814
5 0.488005 0.733296 0.006523 0.023474
5 0.479520 0.723871 0.019568 0.070422
7 0.757812 0.585938 0.156250 0.053125
5 0.764844 0.779687 0.204687 0.440625
