0 0.332123 0.267435 0.089690 0.108331
0 0.671094 0.317188 0.157812 0.218750
0 0.469137 0.317421 0.092778 0.102099
0 0.053906 0.087500 0.107813 0.162500
2 0.203998 0.268181 0.089481 0.072393
2 0.584045 0.327691 0.069250 0.086337
3 0.027344 0.225781 0.054688 0.104688
3 0.180329 0.362853 0.047284 0.070585
3 0.323253 0.354209 0.045567 0.044014
3 0.464196 0.408078 0.048737 0.051844
3 0.590182 0.442503 0.051926 0.062800
3 0.662070 0.444428 0.064453 0.067560
4 0.660937 0.491406 0.178125 0.195312
4 0.584375 0.526563 0.100000 0.125000
4 0.454688 0.500781 0.150000 0.176563
4 0.295312 0.475781 0.159375 0.226562
4 0.103906 0.475781 0.164062 0.226562
5 0.060937 0.294531 0.121875 0.589063
5 0.147656 0.401562 0.295312 0.375000
5 0.281250 0.394531 0.296875 0.389062
5 0.451562 0.424219 0.271875 0.329688
5 0.567187 0.435156 0.240625 0.307812
5 0.625781 0.398438 0.248438 0.381250
8 0.882031 0.361719 0.235937 0.454688
8 0.455469 0.794531 0.589063 0.410938
0 0.575466 0.881356 0.033003 0.033003
0 0.290795 0.832229 0.048710 0.047157
0 0.251646 0.817613 0.034602 0.039262
0 0.218620 0.781085 0.048728 0.050282
0 0.108528 0.792663 0.031459 0.036119
0 0.095015 0.752897 0.034593 0.037700
0 0.036017 0.818086 0.034548 0.029887
3 0.200852 0.815564 0.014153 0.015707
3 0.251833 0.849644 0.020431 0.020431
3 0.276183 0.872159 0.022002 0.022002
1 0.567830 0.911870 0.023556 0.020449
7 0.561719 0.960156 0.070312 0.079687
7 0.302344 0.930469 0.089063 0.139063
7 0.245919 0.907493 0.063209 0.122239
7 0.199712 0.888230 0.083594 0.134857
7 0.105421 0.930186 0.041107 0.083049
7 0.079308 0.873305 0.079034 0.156705
7 0.024219 0.906250 0.048438 0.143750
5 0.030469 0.898438 0.060937 0.203125
5 0.068750 0.862500 0.137500 0.275000
5 0.094531 0.885938 0.117188 0.228125
5 0.185156 0.875000 0.142187 0.250000
5 0.235156 0.896875 0.107813 0.206250
5 0.284375 0.903125 0.150000 0.193750
5 0.543750 0.927344 0.134375 0.145313
0 0.787500 0.736719 0.075000 0.057813
0 0.905657 0.791359 0.084993 0.106741
3 0.902632 0.808564 0.044014 0.045567
3 0.773438 0.821094 0.046875 0.064062
7 0.903125 0.922656 0.193750 0.154688
5 0.878906 0.863281 0.242188 0.273438
5 0.807813 0.794531 0.115625 0.410938
