0 0.408594 0.259375 0.120313 0.168750
0 0.141406 0.318750 0.132812 0.123438
3 0.163281 0.444531 0.085938 0.071875
3 0.415625 0.417187 0.095312 0.082812
4 0.192188 0.519531 0.190625 0.079687
5 0.179688 0.406250 0.318750 0.306250
5 0.362500 0.367188 0.212500 0.384375
5 0.740625 0.066406 0.031250 0.079687
8 0.869531 0.201563 0.260937 0.403125
8 0.779687 0.124219 0.259375 0.248438
8 0.267188 0.880469 0.403125 0.239063
7 0.089844 0.946875 0.010937 0.010937
5 0.091406 0.945312 0.017188 0.025000
8 0.734375 0.780469 0.531250 0.439063
9 0.824219 0.914062 0.351562 0.171875
