0 0.507031 0.090625 0.104688 0.181250
0 0.374443 0.138575 0.158831 0.175918
0 0.080057 0.165288 0.138245 0.128925
3 0.086280 0.294944 0.087936 0.075509
3 0.345678 0.297341 0.098947 0.088073
3 0.530469 0.375781 0.057813 0.148438
4 0.096875 0.390625 0.193750 0.118750
5 0.127344 0.273438 0.254688 0.353125
5 0.318750 0.246875 0.325000 0.406250
5 0.485156 0.225000 0.148438 0.450000
1 0.779687 0.242188 0.440625 0.340625
4 0.779687 0.400781 0.440625 0.098437
5 0.779687 0.225000 0.440625 0.450000
4 0.179688 0.598437 0.278125 0.296875
0 0.317188 0.481250 0.093750 0.062500
5 0.229687 0.725000 0.459375 0.550000
8 0.911719 0.725000 0.176563 0.550000
