2 0.220312 0.400000 0.139844 0.167187
0 0.414062 0.247656 0.109375 0.146094
2 0.647656 0.253125 0.090625 0.139063
3 0.268750 0.557813 0.051562 0.135156
3 0.425000 0.363281 0.067187 0.056250
3 0.636719 0.375781 0.060156 0.045312
0 0.928125 0.207031 0.007812 0.009375
2 0.960938 0.194531 0.010156 0.007812
3 0.960938 0.209375 0.007812 0.010156
3 0.929688 0.223438 0.007812 0.007812
4 0.928906 0.244531 0.017188 0.041406
4 0.964063 0.239063 0.014063 0.051562
5 0.962500 0.245312 0.021094 0.111719
5 0.928125 0.253125 0.023438 0.104688
4 0.636719 0.590625 0.152344 0.474219
4 0.405469 0.602344 0.143750 0.419531
4 0.196875 0.803906 0.255469 0.391406
5 0.198437 0.657813 0.263281 0.684375
5 0.398438 0.586719 0.204687 0.826562
5 0.647656 0.590625 0.239063 0.818750
