2 0.356962 0.461358 0.068206 0.087891
3 0.347796 0.510626 0.034830 0.039262
4 0.292969 0.545312 0.135937 0.087500
5 0.300781 0.494531 0.189062 0.189062
0 0.024219 0.803906 0.048438 0.085938
4 0.128906 0.912500 0.257812 0.175000
5 0.209375 0.875000 0.418750 0.250000
4 0.847827 0.708523 0.230960 0.110711
4 0.749219 0.930469 0.220312 0.139063
0 0.790804 0.842440 0.119477 0.063191
2 0.991406 0.721875 0.017188 0.059375
3 0.971682 0.739051 0.039462 0.034602
5 0.847656 0.771094 0.304688 0.248438
5 0.758594 0.899219 0.335938 0.201563
