0 0.167187 0.398438 0.082812 0.083594
0 0.240625 0.439844 0.048438 0.050000
0 0.392969 0.406250 0.070312 0.069531
0 0.461719 0.420312 0.049219 0.057031
0 0.614062 0.439844 0.048438 0.060156
0 0.693750 0.453125 0.042969 0.047656
0 0.777344 0.464844 0.042188 0.046875
0 0.834375 0.444531 0.057813 0.068750
0 0.974219 0.520312 0.028125 0.033594
3 0.176563 0.472656 0.037500 0.042188
3 0.253906 0.492188 0.016406 0.023438
3 0.417969 0.464062 0.012500 0.026562
3 0.460938 0.471094 0.028125 0.025781
3 0.613281 0.482812 0.025781 0.024219
3 0.692969 0.498437 0.026562 0.022656
3 0.788281 0.492969 0.016406 0.021875
3 0.817187 0.480469 0.026562 0.031250
3 0.975781 0.546875 0.016406 0.014844
4 0.995313 0.599219 0.009375 0.121875
4 0.964844 0.605469 0.048438 0.114062
5 0.992188 0.670312 0.015625 0.280469
5 0.961719 0.642188 0.060937 0.282813
4 0.764844 0.590625 0.036719 0.160938
4 0.827344 0.624219 0.091406 0.216406
4 0.695312 0.592969 0.081250 0.146875
4 0.609375 0.607031 0.085156 0.182031
4 0.463281 0.601562 0.092969 0.205469
4 0.371094 0.610156 0.096875 0.242188
4 0.245312 0.607812 0.078906 0.176563
4 0.149219 0.644531 0.122656 0.299219
5 0.142187 0.677344 0.146094 0.644531
5 0.246094 0.656250 0.114062 0.489063
5 0.382812 0.684375 0.125000 0.631250
5 0.472656 0.684375 0.114062 0.591406
5 0.607031 0.692187 0.103906 0.570312
5 0.700781 0.672656 0.093750 0.489844
5 0.782031 0.659375 0.089063 0.441406
5 0.831250 0.703125 0.132812 0.589844
4 0.486719 0.015625 0.017969 0.023438
5 0.481250 0.037500 0.034375 0.075000
