0 0.275000 0.681250 0.082031 0.085938
0 0.224219 0.606250 0.067969 0.061719
0 0.390625 0.597656 0.038281 0.036719
0 0.492969 0.659375 0.042969 0.071875
0 0.558594 0.647656 0.064844 0.078125
0 0.689844 0.591406 0.071875 0.057031
7 0.721094 0.796875 0.123438 0.262500
7 0.561719 0.858594 0.117188 0.282813
7 0.485938 0.817187 0.069531 0.216406
7 0.372656 0.725781 0.066406 0.156250
7 0.265625 0.866406 0.133594 0.222656
7 0.196094 0.781250 0.067969 0.214062
3 0.232031 0.655469 0.029687 0.024219
3 0.384375 0.643750 0.025000 0.024219
3 0.680469 0.649219 0.021875 0.028906
5 0.203906 0.785156 0.104688 0.421094
5 0.273438 0.817969 0.150000 0.364063
5 0.384375 0.789062 0.095312 0.421094
5 0.487500 0.810156 0.085156 0.378906
5 0.556250 0.804688 0.134375 0.390625
5 0.717969 0.780469 0.134375 0.431250
