9 0.260156 0.113281 0.182812 0.226562
2 0.354687 0.026562 0.228125 0.053125
3 0.417187 0.085156 0.103125 0.126562
4 0.382031 0.256250 0.173437 0.387500
4 0.121094 0.300000 0.242188 0.300000
3 0.015625 0.146875 0.031250 0.081250
5 0.143750 0.225000 0.287500 0.450000
5 0.275000 0.120313 0.200000 0.240625
5 0.354687 0.225000 0.228125 0.450000
8 0.734375 0.225000 0.531250 0.450000
8 0.234375 0.725000 0.468750 0.550000
1 0.675781 0.815625 0.414062 0.368750
2 0.663281 0.545312 0.389062 0.190625
4 0.734375 0.912500 0.531250 0.175000
5 0.734375 0.725000 0.531250 0.550000
