9 0.195312 0.151562 0.165625 0.303125
2 0.106250 0.072656 0.212500 0.145313
2 0.453125 0.106250 0.053125 0.118750
3 0.049219 0.172656 0.098437 0.117188
4 0.023438 0.028906 0.046875 0.057813
4 0.196094 0.057813 0.089063 0.115625
4 0.079687 0.326562 0.159375 0.346875
4 0.345313 0.366406 0.268750 0.267188
3 0.441406 0.230469 0.076563 0.073438
5 0.319531 0.260937 0.320312 0.478125
5 0.031250 0.046875 0.062500 0.093750
5 0.182031 0.158594 0.179688 0.317188
5 0.104688 0.250000 0.209375 0.500000
5 0.822656 0.093750 0.354687 0.187500
5 0.308594 0.750000 0.342187 0.500000
7 0.587500 0.607031 0.215625 0.214062
5 0.655469 0.750000 0.351562 0.500000
