9 0.146949 0.185716 0.161184 0.312792
2 0.241406 0.089844 0.210938 0.179688
2 0.371875 0.124219 0.115625 0.248438
3 0.299465 0.213631 0.106914 0.115299
4 0.349219 0.046875 0.092188 0.093750
4 0.149219 0.075000 0.085938 0.150000
4 0.305469 0.363281 0.248438 0.332813
4 0.057813 0.399219 0.115625 0.260937
5 0.079687 0.291406 0.159375 0.476562
5 0.374219 0.264844 0.110937 0.529687
5 0.345313 0.066406 0.112500 0.132812
5 0.162500 0.177344 0.171875 0.354687
5 0.283594 0.264844 0.292187 0.529687
4 0.908594 0.412500 0.182812 0.234375
5 0.753125 0.378125 0.493750 0.303125
5 0.378125 0.852344 0.103125 0.295312
1 0.563281 0.612500 0.267188 0.165625
4 0.660156 0.775000 0.460938 0.450000
5 0.712500 0.764844 0.565625 0.470313
