0 0.498437 0.110937 0.021875 0.062500
0 0.416406 0.132812 0.057813 0.054688
3 0.416406 0.186719 0.025000 0.029687
7 0.396094 0.295312 0.112500 0.201563
7 0.488281 0.270313 0.042188 0.184375
5 0.485156 0.305469 0.048438 0.448437
5 0.407813 0.315625 0.137500 0.428125
8 0.682813 0.149219 0.346875 0.298438
8 0.534375 0.211719 0.050000 0.157812
3 0.075781 0.970313 0.082812 0.059375
0 0.085938 0.836719 0.171875 0.235937
5 0.137500 0.857031 0.275000 0.285938
7 0.609375 0.764844 0.200000 0.470313
5 0.680469 0.764844 0.342187 0.470313
