0 0.675056 0.400000 0.058203 0.067187
0 0.570410 0.407031 0.062855 0.060937
3 0.673871 0.464844 0.028270 0.025000
3 0.563701 0.462500 0.028316 0.032813
7 0.527344 0.566406 0.132812 0.204687
7 0.657031 0.565625 0.123438 0.200000
5 0.644531 0.516406 0.148438 0.304688
5 0.529687 0.517969 0.181250 0.301563
0 0.808877 0.229687 0.160384 0.173437
4 0.780469 0.533594 0.123438 0.270313
5 0.859375 0.398438 0.281250 0.540625
3 0.771436 0.374219 0.080078 0.067187
3 0.503686 0.958594 0.028343 0.037500
2 0.513378 0.878906 0.066016 0.067187
4 0.497656 0.978906 0.126562 0.042188
5 0.482031 0.918750 0.204687 0.162500
1 0.818750 0.891406 0.200000 0.217188
2 0.925000 0.910937 0.150000 0.159375
5 0.859375 0.881250 0.281250 0.237500
