0 0.543798 0.134782 0.055060 0.064381
0 0.440601 0.146682 0.061265 0.056605
3 0.545769 0.198858 0.026699 0.023592
3 0.436372 0.202128 0.026744 0.031405
7 0.404481 0.312103 0.121531 0.210075
7 0.549089 0.299662 0.141743 0.193006
5 0.545312 0.314844 0.165625 0.429688
5 0.410156 0.320312 0.154688 0.418750
3 0.986719 0.276562 0.026562 0.053125
7 0.902088 0.306674 0.177572 0.174465
0 0.992969 0.235156 0.014063 0.101562
5 0.897656 0.350000 0.204687 0.359375
8 0.353125 0.697656 0.553125 0.335938
3 0.885500 0.646828 0.026762 0.034530
2 0.891437 0.566391 0.062873 0.064426
4 0.883351 0.747600 0.115208 0.197539
5 0.871875 0.764844 0.175000 0.470313
