0 0.172173 0.126720 0.134249 0.124210
7 0.110937 0.364844 0.221875 0.289062
3 0.147235 0.255490 0.077399 0.072320
5 0.151562 0.273438 0.303125 0.471875
4 0.602022 0.261716 0.199076 0.324574
3 0.604503 0.115627 0.041225 0.051799
2 0.625781 0.047656 0.126562 0.095312
5 0.620313 0.254688 0.362500 0.509375
9 0.219531 0.805469 0.439063 0.389062
3 0.545529 0.682319 0.030378 0.059548
3 0.679104 0.751851 0.036574 0.054897
0 0.686190 0.680012 0.072948 0.092606
0 0.554950 0.611275 0.084067 0.108294
7 0.503125 0.831250 0.128125 0.321875
7 0.678567 0.865137 0.145187 0.258640
5 0.655469 0.817187 0.248438 0.365625
5 0.523438 0.774219 0.168750 0.451562
