7 0.168750 0.289062 0.337500 0.481250
3 0.252200 0.079687 0.083258 0.076563
5 0.210156 0.264844 0.420312 0.529687
6 0.647656 0.042969 0.232813 0.085938
6 0.848437 0.273438 0.303125 0.512500
1 0.375000 0.898438 0.128125 0.121875
1 0.078125 0.777344 0.156250 0.082812
2 0.075000 0.902344 0.150000 0.054688
2 0.128125 0.682031 0.256250 0.126562
2 0.393750 0.784375 0.090625 0.131250
5 0.300781 0.847656 0.276562 0.304688
5 0.127344 0.709375 0.254688 0.203125
5 0.205469 0.781250 0.410938 0.437500
8 0.719531 0.764844 0.560937 0.470313
4 0.591406 0.537500 0.023438 0.015625
5 0.568750 0.563281 0.071875 0.067187
