3 0.025781 0.267969 0.051562 0.132812
3 0.614062 0.275781 0.031250 0.079687
0 0.599219 0.148438 0.060937 0.159375
0 0.069531 0.113281 0.139063 0.226562
4 0.033594 0.379688 0.067187 0.178125
4 0.559375 0.369531 0.140625 0.198437
5 0.487500 0.234375 0.284375 0.468750
5 0.542188 0.264844 0.175000 0.407813
5 0.111719 0.234375 0.223438 0.468750
6 0.947656 0.464062 0.032813 0.009375
9 0.807031 0.254688 0.354687 0.428125
5 0.958594 0.258594 0.082812 0.420312
7 0.264062 0.514844 0.215625 0.092188
5 0.241406 0.734375 0.451562 0.531250
6 0.939063 0.714844 0.121875 0.435937
2 0.782031 0.945312 0.098437 0.109375
5 0.817187 0.885156 0.365625 0.229687
