0 0.017188 0.075781 0.034375 0.114062
4 0.341800 0.223105 0.165644 0.273784
4 0.022656 0.334375 0.045312 0.281250
3 0.307426 0.089139 0.050236 0.041207
3 0.010156 0.183594 0.020313 0.048438
5 0.078125 0.296875 0.156250 0.565625
5 0.307031 0.289844 0.342187 0.579688
7 0.637500 0.091406 0.096875 0.182812
5 0.645312 0.268750 0.112500 0.537500
8 0.294531 0.789844 0.589063 0.420312
7 0.094342 0.735826 0.026744 0.031559
5 0.086553 0.732010 0.045567 0.044277
0 0.779687 0.610938 0.100000 0.062500
1 0.772083 0.706591 0.072348 0.082086
7 0.762500 0.870313 0.193750 0.259375
5 0.764844 0.789844 0.351562 0.420312
