8 0.790625 0.682813 0.174219 0.262500
9 0.742188 0.198437 0.125000 0.292969
0 0.580469 0.382031 0.016406 0.014063
5 0.582812 0.453906 0.035156 0.158594
7 0.301563 0.492969 0.024219 0.056250
7 0.202344 0.608594 0.024219 0.039062
7 0.161719 0.628125 0.027344 0.060156
7 0.187500 0.674219 0.028125 0.061719
0 0.161719 0.578906 0.016406 0.017969
0 0.203125 0.569531 0.017188 0.021875
0 0.301563 0.443750 0.014844 0.020313
5 0.301563 0.520312 0.031250 0.178125
5 0.202344 0.643750 0.027344 0.171094
5 0.188281 0.703125 0.050000 0.170313
5 0.159375 0.660156 0.035937 0.182812
