6 0.810156 0.654687 0.239063 0.347656
2 0.051562 0.107813 0.082031 0.057813
2 0.012500 0.141406 0.025000 0.076563
2 0.199219 0.071094 0.078906 0.044531
2 0.344531 0.055469 0.111719 0.075000
2 0.483594 0.081250 0.117969 0.107031
2 0.617188 0.115625 0.094531 0.073438
4 0.321875 0.261719 0.178906 0.275000
4 0.198437 0.142187 0.117969 0.050000
4 0.064062 0.325000 0.127344 0.251563
4 0.485938 0.324219 0.303906 0.295312
4 0.640625 0.248438 0.127344 0.150781
5 0.633594 0.396875 0.192188 0.642969
5 0.491406 0.475000 0.358594 0.908594
5 0.307031 0.403125 0.284375 0.760938
5 0.203906 0.275781 0.144531 0.460938
5 0.092969 0.417969 0.175781 0.660937
5 0.036719 0.507031 0.073438 0.796875
