1 0.151731 0.285489 0.110720 0.116261
2 0.217188 0.014063 0.078125 0.028125
3 0.245410 0.090708 0.041098 0.040861
3 0.316066 0.330198 0.071149 0.072284
2 0.321875 0.139063 0.156250 0.128125
2 0.177977 0.111411 0.120223 0.127253
4 0.310156 0.539062 0.179688 0.400000
4 0.142969 0.535156 0.239063 0.407813
5 0.032813 0.369531 0.065625 0.739062
5 0.219531 0.068750 0.098437 0.137500
5 0.150781 0.389062 0.301563 0.700000
5 0.260156 0.382812 0.279687 0.712500
5 0.517969 0.044531 0.235937 0.089063
5 0.614062 0.047656 0.237500 0.095312
5 0.954688 0.035937 0.090625 0.071875
5 0.914844 0.387500 0.170313 0.568750
5 0.925000 0.703125 0.150000 0.071875
5 0.585743 0.347772 0.249913 0.531106
5 0.516406 0.404687 0.232813 0.668750
4 0.949219 0.375781 0.101562 0.460938
4 0.960938 0.026562 0.078125 0.053125
7 0.504687 0.250781 0.209375 0.260937
7 0.629902 0.245678 0.118298 0.230360
0 0.432812 0.042969 0.065625 0.067187
0 0.558792 0.045251 0.118042 0.074119
0 0.552496 0.116313 0.121276 0.083512
0 0.435156 0.115625 0.070312 0.081250
2 0.159375 0.983594 0.287500 0.032813
3 0.108996 0.882415 0.111410 0.041270
4 0.095312 0.821875 0.190625 0.165625
5 0.190625 0.869531 0.381250 0.260937
5 0.700000 0.934375 0.600000 0.131250
