1 0.013281 0.371094 0.026562 0.132812
1 0.327236 0.216577 0.155787 0.189962
2 0.344531 0.059375 0.160938 0.118750
2 0.057713 0.082201 0.087882 0.066134
3 0.078589 0.179194 0.047148 0.047148
3 0.130866 0.436521 0.081723 0.081723
2 0.164091 0.239065 0.193078 0.154243
2 0.037500 0.192188 0.075000 0.146875
4 0.339844 0.345313 0.360938 0.346875
5 0.057031 0.137500 0.114062 0.184375
5 0.073438 0.306250 0.146875 0.425000
5 0.194531 0.308594 0.389062 0.420312
5 0.357031 0.259375 0.423438 0.518750
9 0.284375 0.759375 0.568750 0.481250
3 0.170313 0.593750 0.100000 0.150000
5 0.193750 0.759375 0.387500 0.481250
7 0.154688 0.759375 0.309375 0.481250
4 0.860156 0.537500 0.064062 0.037500
5 0.884375 0.646875 0.168750 0.256250
