6 0.429688 0.275000 0.218750 0.550000
6 0.269531 0.275000 0.539062 0.550000
5 0.856250 0.437500 0.118750 0.225000
5 0.967187 0.400781 0.065625 0.251563
4 0.832675 0.397568 0.037800 0.051781
4 0.991406 0.350781 0.017188 0.070312
3 0.832843 0.368662 0.007885 0.012545
3 0.994839 0.320065 0.007867 0.009420
0 0.989844 0.295312 0.020313 0.031250
0 0.825139 0.349958 0.026753 0.032967
1 0.769531 0.815625 0.460938 0.368750
2 0.769531 0.617188 0.460938 0.134375
4 0.769531 0.928125 0.460938 0.143750
5 0.769531 0.775000 0.460938 0.450000
