1 0.229687 0.396875 0.459375 0.406250
2 0.229687 0.104688 0.459375 0.209375
5 0.229687 0.300000 0.459375 0.600000
4 0.863281 0.119531 0.157812 0.239063
5 0.843750 0.300000 0.271875 0.600000
0 0.313815 0.740975 0.123875 0.173293
7 0.375000 0.867969 0.168750 0.264062
5 0.321094 0.825000 0.276562 0.350000
8 0.558594 0.689844 0.198437 0.179688
6 0.886941 0.801847 0.048148 0.109920
6 0.883798 0.736268 0.027308 0.064372
6 0.773851 0.719581 0.030469 0.067533
6 0.687242 0.711215 0.030415 0.062845
4 0.846943 0.748414 0.038155 0.056686
2 0.847507 0.699976 0.019023 0.023656
5 0.841484 0.747696 0.074947 0.130542
