3 0.049219 0.231250 0.098437 0.246875
1 0.275000 0.202344 0.550000 0.404687
5 0.129688 0.219531 0.259375 0.439063
4 0.275000 0.388281 0.550000 0.101562
5 0.275000 0.219531 0.550000 0.439063
6 0.180175 0.808097 0.057395 0.098765
6 0.034872 0.673795 0.020803 0.042306
6 0.189451 0.682270 0.019223 0.040734
6 0.310481 0.687034 0.019150 0.034484
6 0.421282 0.698108 0.017587 0.034475
6 0.495482 0.699238 0.016007 0.032903
6 0.525942 0.699842 0.017587 0.034475
6 0.508055 0.692916 0.016025 0.034466
6 0.163061 0.667581 0.016025 0.034466
6 0.276233 0.676297 0.017587 0.034475
6 0.365177 0.685935 0.016025 0.034466
9 0.275000 0.893750 0.550000 0.212500
8 0.775000 0.737500 0.450000 0.525000
