3 0.072656 0.176563 0.145313 0.246875
1 0.257812 0.189844 0.462500 0.379688
5 0.156250 0.189844 0.312500 0.379688
4 0.244531 0.328125 0.489063 0.103125
5 0.244531 0.189844 0.489063 0.379688
3 0.932031 0.043750 0.135937 0.087500
4 0.807813 0.100000 0.384375 0.200000
5 0.744531 0.125781 0.510938 0.251563
3 0.796875 0.342187 0.256250 0.075000
2 0.848437 0.205939 0.248438 0.137383
5 0.744531 0.237500 0.510938 0.284375
8 0.744531 0.689844 0.510938 0.620313
8 0.599219 0.689844 0.220312 0.620313
5 0.856250 0.624580 0.115625 0.177235
4 0.874219 0.603381 0.028125 0.065789
