9 0.489844 0.360938 0.120313 0.078125
5 0.178125 0.089063 0.356250 0.178125
8 0.775000 0.200000 0.450000 0.400000
9 0.978906 0.010937 0.042188 0.021875
4 0.215625 0.499219 0.153125 0.198437
4 0.396094 0.846094 0.273438 0.307812
4 0.435423 0.667117 0.053907 0.067497
4 0.299077 0.703064 0.197714 0.341752
5 0.149219 0.694531 0.298438 0.589063
0 0.285398 0.468785 0.036737 0.068959
0 0.301168 0.523377 0.047384 0.044023
0 0.335815 0.499739 0.025527 0.045458
0 0.416406 0.432031 0.120313 0.064062
0 0.448043 0.522522 0.085175 0.069241
0 0.475513 0.578609 0.052253 0.059675
0 0.520312 0.564844 0.059375 0.114062
3 0.507099 0.683887 0.072493 0.053543
3 0.448342 0.631107 0.029978 0.025173
3 0.427630 0.598417 0.037882 0.033031
3 0.380892 0.519788 0.071040 0.062909
5 0.288177 0.498454 0.051455 0.125291
5 0.305029 0.527260 0.039772 0.061165
5 0.310156 0.700000 0.267188 0.600000
5 0.441320 0.563184 0.087701 0.152062
5 0.448387 0.627201 0.094024 0.158349
5 0.387500 0.733594 0.325000 0.532813
8 0.707031 0.700000 0.314063 0.600000
8 0.952344 0.684375 0.095312 0.240625
