4 0.286427 0.073438 0.153907 0.134375
3 0.260156 0.003125 0.060937 0.006250
5 0.317969 0.224219 0.304688 0.448437
5 0.707812 0.325000 0.356250 0.650000
4 0.656250 0.530469 0.253125 0.239063
2 0.653906 0.070312 0.226562 0.140625
1 0.653319 0.282031 0.216970 0.231250
0 0.079687 0.699219 0.153125 0.098437
4 0.317188 0.825000 0.425000 0.350000
3 0.150781 0.696094 0.070312 0.092188
5 0.264844 0.825000 0.529687 0.350000
0 0.968750 0.654687 0.037500 0.009375
3 0.958760 0.663281 0.010983 0.007812
3 0.689844 0.660156 0.039062 0.020313
7 0.716018 0.758594 0.162028 0.187500
7 0.817187 0.668750 0.046875 0.037500
7 0.992188 0.660937 0.015625 0.021875
4 0.975781 0.703906 0.048438 0.079687
4 0.784375 0.657813 0.021875 0.015625
4 0.764062 0.682031 0.065625 0.064062
5 0.975781 0.726562 0.048438 0.153125
5 0.969531 0.735156 0.060937 0.170313
5 0.825000 0.714844 0.087500 0.129688
5 0.776563 0.714063 0.062500 0.128125
5 0.764844 0.667969 0.054688 0.035937
5 0.717187 0.825000 0.212500 0.350000
