6 0.269531 0.259375 0.376563 0.518750
6 0.035937 0.307031 0.071875 0.423438
6 0.917969 0.259375 0.164062 0.518750
5 0.754687 0.259375 0.490625 0.518750
4 0.717969 0.482031 0.289062 0.073438
3 0.746406 0.389858 0.140644 0.137556
2 0.747656 0.074219 0.176563 0.148438
2 0.463281 0.656250 0.092188 0.275000
5 0.359375 0.759375 0.300000 0.481250
1 0.470313 0.895312 0.078125 0.156250
0 0.661571 0.784054 0.149857 0.257959
4 0.866406 0.862500 0.267188 0.275000
3 0.742221 0.834671 0.067170 0.133576
5 0.785937 0.819531 0.428125 0.360938
