3 0.353906 0.535156 0.167187 0.107813
2 0.117188 0.458594 0.234375 0.260937
5 0.234375 0.358594 0.468750 0.460938
4 0.593317 0.307497 0.192226 0.544850
1 0.523600 0.071192 0.072520 0.111356
5 0.620313 0.294531 0.303125 0.589063
8 0.291406 0.794531 0.354687 0.410938
8 0.205469 0.919531 0.410938 0.160938
5 0.490625 0.660156 0.043750 0.142187
5 0.524219 0.665625 0.073438 0.153125
5 0.564844 0.652344 0.048438 0.126562
5 0.593750 0.670312 0.081250 0.162500
5 0.650000 0.650781 0.071875 0.123438
5 0.695312 0.664844 0.093750 0.151562
5 0.738281 0.647656 0.060937 0.117188
5 0.783594 0.670312 0.095312 0.162500
5 0.827344 0.653125 0.057813 0.128125
5 0.871094 0.672656 0.085938 0.167187
5 0.917969 0.657031 0.064062 0.135937
5 0.950000 0.646875 0.053125 0.115625
5 0.962500 0.671875 0.075000 0.165625
5 0.978906 0.660156 0.042188 0.142187
