3 0.142187 0.392504 0.017188 0.017287
2 0.142187 0.355785 0.025000 0.018895
4 0.144531 0.458896 0.059375 0.109720
5 0.147656 0.508097 0.084375 0.330178
8 0.836719 0.247656 0.326562 0.495312
8 0.898438 0.281866 0.098437 0.145885
8 0.660937 0.309029 0.078125 0.133267
8 0.553906 0.302620 0.045312 0.073701
8 0.543750 0.292523 0.106250 0.089681
1 0.365625 0.936719 0.146875 0.126562
2 0.356250 0.846094 0.159375 0.032813
2 0.071094 0.883252 0.085938 0.063000
3 0.108594 0.977344 0.045312 0.045312
2 0.203906 0.973437 0.189062 0.053125
2 0.051562 0.966406 0.103125 0.067187
5 0.077344 0.924219 0.110937 0.151562
5 0.103906 0.962500 0.207813 0.075000
5 0.225000 0.946094 0.450000 0.107813
5 0.357812 0.914844 0.184375 0.170313
4 0.518750 0.914844 0.137500 0.170313
5 0.584375 0.914844 0.268750 0.170313
