3 0.392969 0.455469 0.101562 0.067187
3 0.188281 0.424219 0.123438 0.129688
2 0.206648 0.325733 0.111219 0.049083
2 0.372169 0.344665 0.119168 0.072566
5 0.285938 0.389062 0.571875 0.200000
0 0.691992 0.147116 0.175591 0.102581
4 0.661719 0.373437 0.164062 0.231250
5 0.916406 0.330469 0.167187 0.317188
5 0.713281 0.286719 0.267188 0.404687
3 0.719548 0.244936 0.073792 0.061365
0 0.503906 0.539844 0.151562 0.101562
0 0.521875 0.598437 0.115625 0.134375
0 0.056250 0.628125 0.112500 0.196875
0 0.452351 0.777369 0.176164 0.201018
0 0.084375 0.928906 0.150000 0.142187
0 0.425000 0.932813 0.206250 0.134375
5 0.328125 0.516406 0.231250 0.054688
2 0.560937 0.860156 0.037500 0.129688
3 0.540727 0.895856 0.029951 0.045485
0 0.077344 0.821875 0.154688 0.128125
4 0.076020 0.735335 0.103852 0.125600
4 0.213061 0.815041 0.177908 0.232277
2 0.204586 0.660299 0.103707 0.100600
3 0.283919 0.721700 0.040898 0.047111
5 0.482812 0.602344 0.193750 0.226562
4 0.445725 0.573417 0.077490 0.159820
4 0.556250 0.762500 0.046875 0.190625
4 0.174219 0.967969 0.129688 0.064062
5 0.146875 0.928906 0.293750 0.142187
5 0.076563 0.703906 0.153125 0.270313
5 0.230530 0.766703 0.331760 0.358168
5 0.546094 0.896094 0.067187 0.207813
5 0.452355 0.776588 0.173075 0.207250
5 0.521094 0.700781 0.117188 0.348438
8 0.640625 0.625000 0.121875 0.246875
6 0.773713 0.646405 0.012991 0.084448
8 0.822656 0.535156 0.185938 0.092188
