5 0.545312 0.115625 0.028125 0.075000
5 0.439301 0.118357 0.039899 0.072330
3 0.429790 0.106529 0.014244 0.015789
3 0.547740 0.106339 0.022093 0.019005
2 0.550781 0.082812 0.017188 0.012500
2 0.431143 0.088578 0.020494 0.015861
4 0.435604 0.136280 0.028507 0.033140
4 0.547656 0.132031 0.023438 0.035937
4 0.016406 0.179688 0.032813 0.062500
5 0.021094 0.234375 0.042188 0.178125
7 0.818750 0.045312 0.196875 0.090625
5 0.858594 0.162500 0.276562 0.325000
6 0.502872 0.826613 0.022511 0.054942
6 0.350119 0.789684 0.019332 0.050218
6 0.245195 0.768154 0.011392 0.039190
6 0.205279 0.761440 0.006632 0.032885
6 0.178671 0.757225 0.006614 0.031323
6 0.130053 0.875393 0.037028 0.094168
6 0.062202 0.817580 0.019441 0.059593
6 0.033032 0.794587 0.014626 0.048601
6 0.011139 0.792770 0.011410 0.040752
6 0.003125 0.771875 0.006250 0.028125
6 0.007641 0.760703 0.011283 0.029815
6 0.158331 0.754645 0.006541 0.025073
6 0.123202 0.756579 0.006523 0.023510
6 0.484930 0.761570 0.012864 0.031395
6 0.412891 0.746671 0.009702 0.028234
6 0.350364 0.743600 0.011337 0.034502
9 0.279687 0.857031 0.559375 0.285938
