5 0.164844 0.139844 0.329688 0.279687
8 0.664844 0.139844 0.670312 0.279687
8 0.477344 0.139844 0.295312 0.279687
8 0.246875 0.506250 0.165625 0.453125
8 0.132812 0.828125 0.265625 0.343750
1 0.840277 0.681247 0.121049 0.127262
1 0.528003 0.453369 0.149501 0.183676
2 0.545312 0.318750 0.159375 0.078125
2 0.811202 0.383750 0.084748 0.064553
3 0.771086 0.471487 0.045576 0.045576
3 0.668538 0.705685 0.078589 0.080142
2 0.677558 0.510313 0.186792 0.147957
2 0.836879 0.500011 0.133631 0.141398
4 0.587500 0.847656 0.325000 0.304688
4 0.469531 0.700781 0.279687 0.598437
4 0.809375 0.858594 0.284375 0.282813
5 0.940625 0.639844 0.118750 0.720313
5 0.800582 0.438501 0.113536 0.178780
5 0.817187 0.708594 0.365625 0.582812
5 0.642188 0.688281 0.484375 0.623437
5 0.485156 0.639844 0.310937 0.720313
