2 0.417969 0.170313 0.082812 0.087500
3 0.389844 0.317188 0.139063 0.143750
4 0.287500 0.451562 0.343750 0.315625
5 0.239844 0.336719 0.439063 0.545312
7 0.773438 0.330900 0.025000 0.044041
5 0.776563 0.371489 0.078125 0.191534
8 0.729688 0.304688 0.540625 0.609375
1 0.239063 0.833594 0.440625 0.273438
2 0.271875 0.664844 0.375000 0.110937
4 0.229687 0.919531 0.459375 0.160938
5 0.229687 0.804688 0.459375 0.390625
8 0.873437 0.719180 0.220312 0.186939
9 0.690625 0.743963 0.065625 0.038264
6 0.609375 0.745690 0.009375 0.015734
6 0.596094 0.744282 0.012500 0.015770
6 0.580469 0.742120 0.010937 0.015752
6 0.564844 0.740739 0.010937 0.018877
6 0.553906 0.739304 0.010937 0.020440
6 0.544531 0.737851 0.012500 0.018895
9 0.520312 0.727976 0.039062 0.031705
8 0.504687 0.802344 0.090625 0.123438
