3 0.335938 0.464844 0.087500 0.101562
2 0.336719 0.335938 0.085938 0.078125
4 0.253906 0.545312 0.251563 0.087500
5 0.189844 0.439844 0.379688 0.298438
5 0.271875 0.421875 0.215625 0.334375
7 0.650206 0.280937 0.033222 0.070694
0 0.640440 0.213640 0.022093 0.037755
5 0.672327 0.323379 0.092207 0.272930
8 0.689844 0.294531 0.620313 0.589063
5 0.331250 0.794531 0.096875 0.410938
9 0.966406 0.657813 0.067187 0.034375
6 0.884349 0.679301 0.009466 0.015734
6 0.869524 0.682253 0.011037 0.017315
6 0.851560 0.682825 0.009466 0.015734
6 0.834390 0.685750 0.009493 0.020422
6 0.823462 0.687186 0.009502 0.021984
6 0.813310 0.687849 0.011056 0.020440
9 0.656887 0.656343 0.111437 0.087228
9 0.784377 0.682825 0.042360 0.030178
8 0.771609 0.770952 0.127272 0.123348
