5 0.372656 0.096875 0.457813 0.193750
4 0.378125 0.025000 0.262500 0.050000
3 0.426563 0.521094 0.118750 0.035937
4 0.465625 0.434375 0.293750 0.209375
5 0.393750 0.269531 0.650000 0.539062
3 0.207920 0.587930 0.009430 0.009430
0 0.204127 0.568421 0.020449 0.023556
4 0.221905 0.601129 0.034620 0.042387
4 0.152115 0.646065 0.033185 0.064253
5 0.146646 0.646097 0.066370 0.128507
5 0.218644 0.624585 0.078961 0.144205
8 0.859375 0.795312 0.281250 0.409375
5 0.900679 0.815110 0.022084 0.036065
8 0.790077 0.892314 0.125600 0.103852
