5 0.642188 0.113281 0.015625 0.076563
5 0.554561 0.137951 0.048874 0.075282
3 0.543569 0.128640 0.015725 0.017278
3 0.646094 0.103906 0.007812 0.020313
2 0.646094 0.080469 0.007812 0.017188
2 0.541130 0.112247 0.021975 0.017315
4 0.553885 0.155925 0.033022 0.036128
2 0.131133 0.276357 0.015770 0.025091
2 0.148530 0.312194 0.020440 0.021993
3 0.141331 0.283329 0.014190 0.021957
3 0.145469 0.323150 0.007867 0.009420
4 0.157301 0.342613 0.029933 0.042360
4 0.165540 0.281626 0.051944 0.065925
5 0.172095 0.333933 0.097929 0.181814
5 0.158196 0.362140 0.056986 0.126890
4 0.866676 0.224503 0.014190 0.021957
4 0.971273 0.208269 0.009457 0.014117
4 0.814374 0.231839 0.015752 0.021966
2 0.864246 0.209673 0.004733 0.007840
2 0.969661 0.199684 0.004724 0.006277
2 0.811171 0.218576 0.007867 0.009420
5 0.814401 0.236526 0.025291 0.050145
5 0.866676 0.224503 0.020549 0.040743
5 0.971287 0.210613 0.012664 0.028198
8 0.160156 0.821094 0.320312 0.357812
8 0.239063 0.840625 0.371875 0.318750
6 0.717326 0.734792 0.052044 0.083112
6 0.764062 0.609375 0.021875 0.018750
9 0.858594 0.800000 0.282813 0.400000
