8 0.675000 0.178125 0.350000 0.356250
7 0.960156 0.573438 0.060937 0.046875
7 0.877344 0.596875 0.089063 0.093750
7 0.788281 0.564063 0.076563 0.028125
7 0.646094 0.578125 0.079687 0.056250
5 0.984375 0.607031 0.031250 0.114062
5 0.930469 0.582031 0.026562 0.064062
5 0.957031 0.625781 0.070312 0.151562
5 0.873437 0.689844 0.096875 0.279687
5 0.817969 0.610938 0.045312 0.121875
5 0.784375 0.647656 0.078125 0.195312
5 0.693750 0.602344 0.053125 0.104688
5 0.618750 0.682813 0.128125 0.265625
5 0.591406 0.617188 0.060937 0.134375
