7 0.498750 0.309086 0.120260 0.264744
7 0.737500 0.364844 0.112500 0.248438
3 0.661804 0.290505 0.025782 0.067333
3 0.447304 0.184577 0.033358 0.047066
0 0.447168 0.105675 0.074310 0.075427
0 0.649421 0.233405 0.060575 0.103470
5 0.710938 0.332031 0.187500 0.314063
5 0.509375 0.275000 0.231250 0.428125
0 0.418063 0.515681 0.092769 0.050536
0 0.617188 0.510938 0.068750 0.043750
0 0.489021 0.571558 0.037973 0.040843
3 0.633998 0.543498 0.028398 0.023601
3 0.476894 0.603517 0.023710 0.023574
3 0.416846 0.545359 0.050327 0.028416
7 0.385937 0.652344 0.112500 0.126562
4 0.460207 0.646386 0.067860 0.058203
4 0.644191 0.613865 0.103017 0.125591
5 0.853906 0.632031 0.292187 0.285938
5 0.441406 0.634375 0.223438 0.290625
5 0.458290 0.615908 0.096912 0.138055
5 0.615625 0.667188 0.196875 0.356250
