6 0.946150 0.325814 0.077408 0.145758
6 0.522656 0.378906 0.026562 0.095312
6 0.590136 0.234132 0.018950 0.034484
6 0.694705 0.213210 0.017387 0.034475
6 0.761783 0.194070 0.017378 0.032912
6 0.789863 0.186093 0.017387 0.034475
6 0.771104 0.184640 0.015816 0.032903
6 0.555756 0.233551 0.017378 0.032912
6 0.639259 0.217439 0.015816 0.032903
9 0.922207 0.104852 0.095876 0.097430
9 0.754687 0.414062 0.490625 0.171875
7 0.097656 0.583594 0.179688 0.167187
5 0.126562 0.750000 0.253125 0.500000
0 0.625501 0.678050 0.196349 0.179261
3 0.560240 0.740932 0.092642 0.078661
4 0.621094 0.853906 0.223438 0.292187
5 0.692969 0.750000 0.367188 0.500000
