5 0.125781 0.135156 0.251563 0.270313
8 0.675000 0.194531 0.650000 0.389062
5 0.564441 0.276779 0.073111 0.212918
7 0.559876 0.255712 0.041070 0.076799
3 0.547635 0.211254 0.012582 0.014135
0 0.544633 0.190178 0.022020 0.025127
1 0.138706 0.865523 0.130751 0.183567
3 0.112976 0.588338 0.083331 0.089544
2 0.088281 0.435156 0.117188 0.092188
4 0.180469 0.789062 0.335938 0.421875
5 0.175000 0.694531 0.350000 0.610938
0 0.624219 0.472656 0.317188 0.167187
3 0.679990 0.582588 0.227036 0.351309
7 0.789844 0.761719 0.420312 0.476562
5 0.718750 0.694531 0.562500 0.610938
