5 0.046875 0.019531 0.037500 0.039062
4 0.051260 0.021364 0.026926 0.031559
4 0.442969 0.063281 0.014063 0.060937
5 0.438281 0.116406 0.023438 0.173437
5 0.725000 0.250000 0.550000 0.500000
4 0.725000 0.382031 0.550000 0.235937
1 0.696752 0.140403 0.455416 0.202148
8 0.811719 0.578125 0.189062 0.156250
8 0.576562 0.702344 0.253125 0.360938
7 0.833654 0.633143 0.009520 0.012609
5 0.832128 0.630036 0.011156 0.018877
8 0.838923 0.650267 0.079234 0.096222
2 0.577576 0.755638 0.006359 0.009448
5 0.574323 0.766612 0.016025 0.034557
