5 0.448437 0.160156 0.521875 0.320312
0 0.985156 0.128125 0.029687 0.050000
7 0.968750 0.207031 0.062500 0.126562
5 0.979688 0.302344 0.040625 0.379688
5 0.920312 0.265625 0.159375 0.409375
6 0.683160 0.678876 0.025300 0.051708
6 0.511408 0.658782 0.031586 0.057994
6 0.578968 0.594329 0.015816 0.032903
6 0.072187 0.688680 0.048928 0.084657
6 0.730917 0.661411 0.012682 0.031323
6 0.649958 0.611884 0.014217 0.026644
6 0.594689 0.577832 0.011074 0.023501
6 0.556503 0.561648 0.011065 0.021939
6 0.162735 0.567064 0.020549 0.040743
6 0.218750 0.534375 0.015625 0.031250
6 0.260156 0.525000 0.010937 0.012500
6 0.520665 0.544670 0.009502 0.021930
6 0.463725 0.529376 0.009493 0.020367
6 0.398438 0.522656 0.009375 0.007812
6 0.415823 0.571841 0.018986 0.040734
6 0.366019 0.538538 0.014235 0.029769
6 0.420711 0.537439 0.012655 0.026635
6 0.490905 0.557342 0.012655 0.026635
9 0.317188 0.825000 0.581250 0.350000
8 0.889844 0.666406 0.220312 0.295312
