2 0.433594 0.158594 0.051562 0.129688
6 0.657469 0.254688 0.047411 0.092188
6 0.502872 0.135937 0.015852 0.039062
6 0.652854 0.132812 0.014281 0.037500
6 0.770791 0.127344 0.014253 0.032813
6 0.879394 0.128906 0.014253 0.032813
6 0.950465 0.125000 0.012682 0.031250
6 0.980139 0.122656 0.014253 0.032813
6 0.962133 0.116406 0.012691 0.032813
6 0.626214 0.119531 0.012691 0.032813
6 0.737147 0.118750 0.012691 0.032813
6 0.823879 0.121094 0.012691 0.032813
9 0.729688 0.433594 0.540625 0.310937
6 0.028906 0.993750 0.010937 0.012500
6 0.112500 0.986719 0.015625 0.026562
6 0.244506 0.960938 0.015852 0.039062
6 0.378099 0.960938 0.020594 0.048438
6 0.093747 0.964844 0.007940 0.021875
6 0.145155 0.938281 0.009484 0.018750
6 0.177077 0.919531 0.007912 0.017188
9 0.152704 0.892969 0.028352 0.039062
8 0.729688 0.794531 0.540625 0.410938
