3 0.125412 0.499294 0.176054 0.182268
4 0.074219 0.552344 0.148438 0.095312
2 0.411719 0.399219 0.335938 0.326562
5 0.289844 0.314063 0.579688 0.571875
0 0.814844 0.068750 0.182812 0.137500
2 0.994531 0.300000 0.010937 0.009375
4 0.992188 0.339062 0.015625 0.037500
4 0.990625 0.351562 0.018750 0.118750
7 0.850000 0.409375 0.300000 0.381250
3 0.817975 0.223091 0.103689 0.097475
5 0.789844 0.300000 0.420312 0.600000
5 0.686719 0.705469 0.214062 0.210938
5 0.815625 0.800000 0.368750 0.400000
5 0.936719 0.735938 0.126562 0.271875
