9 0.139844 0.159375 0.279687 0.318750
8 0.575716 0.186500 0.041025 0.068986
6 0.304688 0.313281 0.006250 0.010937
6 0.318750 0.312500 0.006250 0.012500
6 0.519857 0.254014 0.006341 0.015661
6 0.495779 0.278374 0.006350 0.017224
6 0.300557 0.295135 0.011083 0.025064
5 0.562208 0.281894 0.011101 0.028189
0 0.627574 0.236981 0.004706 0.003152
5 0.627619 0.244793 0.009493 0.020367
6 0.529295 0.264897 0.007894 0.014108
6 0.481630 0.263612 0.004787 0.017215
7 0.527510 0.226625 0.006305 0.009411
5 0.526751 0.230536 0.009502 0.021930
7 0.911331 0.263456 0.009448 0.012555
5 0.911381 0.272050 0.014299 0.040707
7 0.846637 0.289614 0.007885 0.012545
5 0.845888 0.295088 0.011110 0.029751
8 0.503205 0.211922 0.023674 0.040761
9 0.525702 0.184447 0.026699 0.023592
9 0.550021 0.201493 0.029842 0.026735
7 0.768553 0.297100 0.004742 0.009402
5 0.767781 0.298667 0.007931 0.020358
1 0.136719 0.707031 0.273438 0.307812
2 0.126562 0.414062 0.253125 0.190625
4 0.139844 0.883594 0.279687 0.232813
5 0.139844 0.659375 0.279687 0.681250
6 0.810156 0.806250 0.282813 0.387500
6 0.600781 0.660156 0.351562 0.679688
