3 0.335156 0.410938 0.267188 0.196875
2 0.370312 0.155469 0.196875 0.310937
4 0.234375 0.393750 0.468750 0.231250
5 0.234375 0.254688 0.468750 0.509375
5 0.592187 0.395313 0.200000 0.228125
4 0.496094 0.472656 0.054688 0.073438
4 0.575781 0.445312 0.095312 0.128125
3 0.478145 0.425174 0.011010 0.012564
3 0.624784 0.385403 0.022075 0.034502
0 0.492969 0.397656 0.048438 0.064062
0 0.625987 0.323694 0.073874 0.075427
1 0.443750 0.547656 0.050000 0.076563
1 0.136719 0.548438 0.129688 0.078125
4 0.321094 0.802344 0.295312 0.395313
4 0.111719 0.778906 0.223438 0.442188
5 0.267969 0.754687 0.401562 0.490625
5 0.140625 0.754687 0.281250 0.490625
8 0.734375 0.831250 0.531250 0.337500
7 0.817652 0.816735 0.033049 0.040816
5 0.816076 0.814382 0.037791 0.050218
