4 0.330256 0.216538 0.215736 0.280598
2 0.512500 0.188281 0.112500 0.301563
3 0.442065 0.274604 0.063827 0.114790
5 0.284375 0.219531 0.568750 0.439063
5 0.284375 0.719531 0.568750 0.560937
0 0.178906 0.578125 0.185938 0.278125
4 0.408594 0.827344 0.320312 0.345313
1 0.338723 0.676251 0.244461 0.332487
8 0.953125 0.782031 0.093750 0.351562
8 0.833594 0.719531 0.332813 0.560937
9 0.827459 0.595164 0.025764 0.065916
9 0.859481 0.595573 0.060320 0.081941
8 0.660190 0.536963 0.038136 0.055124
9 0.713098 0.487916 0.011101 0.014190
9 0.704976 0.514569 0.017442 0.022075
9 0.720547 0.519075 0.019023 0.023656
