4 0.367188 0.296875 0.084375 0.243750
3 0.400000 0.129688 0.018750 0.056250
2 0.396094 0.035937 0.026562 0.065625
5 0.370312 0.209375 0.078125 0.418750
0 0.021973 0.463281 0.026962 0.034375
0 0.302078 0.494531 0.025436 0.037500
7 0.293439 0.565625 0.036956 0.087500
3 0.300943 0.525000 0.011101 0.014063
5 0.292884 0.613281 0.054799 0.278125
3 0.020819 0.495312 0.011119 0.015625
7 0.017969 0.550000 0.035937 0.115625
5 0.022656 0.588281 0.045312 0.285938
4 0.509375 0.914062 0.118750 0.171875
4 0.664062 0.912500 0.118750 0.175000
4 0.842969 0.912500 0.098437 0.175000
4 0.968750 0.900000 0.062500 0.196875
2 0.846191 0.716406 0.071131 0.070312
3 0.514532 0.751563 0.044223 0.040625
3 0.846699 0.807031 0.047402 0.045312
5 0.961719 0.859375 0.076563 0.281250
5 0.808594 0.837500 0.279687 0.325000
5 0.628125 0.894531 0.228125 0.210938
5 0.501563 0.859375 0.184375 0.281250
