4 0.357812 0.346094 0.143750 0.126562
4 0.182031 0.365625 0.132812 0.087500
4 0.051562 0.369531 0.103125 0.079687
2 0.146827 0.224714 0.085357 0.085357
3 0.161388 0.315939 0.058449 0.055360
5 0.222656 0.278125 0.385937 0.262500
5 0.571094 0.160938 0.282813 0.321875
0 0.340625 0.424219 0.106250 0.029687
0 0.227344 0.442188 0.098437 0.065625
0 0.290322 0.504855 0.033212 0.034757
0 0.195791 0.505955 0.039535 0.041080
0 0.144029 0.523743 0.041134 0.044223
0 0.014844 0.550781 0.029687 0.042188
3 0.022335 0.576714 0.011137 0.017315
3 0.153067 0.552540 0.018986 0.020531
3 0.356402 0.465029 0.053725 0.052181
3 0.240268 0.510125 0.047457 0.050545
5 0.021875 0.675000 0.043750 0.231250
5 0.043750 0.691406 0.087500 0.323437
5 0.017969 0.690625 0.035937 0.281250
5 0.161124 0.665712 0.121060 0.334176
5 0.204147 0.660525 0.146242 0.350092
5 0.291848 0.507962 0.038064 0.048874
5 0.346875 0.704688 0.165625 0.590625
5 0.272656 0.704688 0.314063 0.590625
7 0.028906 0.635938 0.057813 0.131250
7 0.152349 0.614259 0.068642 0.125782
7 0.262487 0.681718 0.241882 0.379326
7 0.191085 0.574751 0.072911 0.089899
7 0.360938 0.598437 0.137500 0.359375
7 0.810937 0.704688 0.378125 0.590625
5 0.781250 0.704688 0.437500 0.590625
