4 0.350274 0.342187 0.212556 0.278125
2 0.110156 0.321875 0.220312 0.300000
3 0.238133 0.403906 0.061601 0.114062
5 0.294531 0.308594 0.589063 0.360938
8 0.390625 0.740625 0.396875 0.503125
8 0.117188 0.667969 0.234375 0.357812
0 0.921875 0.868750 0.156250 0.103125
0 0.955469 0.674219 0.089063 0.110937
3 0.970432 0.703125 0.050218 0.037500
3 0.894393 0.927344 0.034593 0.037500
4 0.964063 0.806250 0.071875 0.228125
4 0.910156 0.962500 0.179688 0.075000
5 0.935156 0.807813 0.129688 0.384375
5 0.845313 0.905469 0.309375 0.189062
