3 0.293885 0.212500 0.095549 0.040625
2 0.331721 0.154688 0.125300 0.051562
4 0.289401 0.311719 0.244968 0.209375
5 0.314844 0.446875 0.629687 0.665625
8 0.825000 0.444531 0.350000 0.670312
0 0.778427 0.366406 0.017297 0.018750
3 0.775952 0.389062 0.011028 0.015625
7 0.769502 0.423438 0.033167 0.060937
5 0.770292 0.421875 0.047639 0.131250
3 0.136181 0.860938 0.023556 0.020313
2 0.136418 0.820312 0.037673 0.029687
2 0.314063 0.831250 0.209375 0.103125
5 0.441696 0.853125 0.069432 0.117188
5 0.133594 0.900000 0.151562 0.200000
5 0.323437 0.889844 0.646875 0.220312
4 0.141541 0.879687 0.067533 0.059375
6 0.953906 0.928125 0.057813 0.143750
