3 0.308594 0.521875 0.554688 0.256250
2 0.292969 0.135156 0.585938 0.270313
4 0.317969 0.524219 0.542188 0.251563
5 0.294531 0.325000 0.589063 0.650000
8 0.294531 0.825000 0.589063 0.350000
5 0.259483 0.690977 0.022066 0.032940
7 0.625000 0.684375 0.071875 0.068750
7 0.670312 0.664844 0.059375 0.029687
7 0.713281 0.680469 0.073438 0.060937
7 0.814063 0.675000 0.084375 0.050000
7 0.895312 0.664844 0.078125 0.029687
5 0.981250 0.767188 0.037500 0.234375
5 0.946094 0.748437 0.073438 0.196875
5 0.898438 0.761719 0.096875 0.223438
5 0.854688 0.744531 0.062500 0.189062
5 0.807813 0.768750 0.096875 0.237500
5 0.762500 0.750781 0.059375 0.201563
5 0.717969 0.771094 0.089063 0.242188
5 0.669531 0.756250 0.064062 0.212500
5 0.636719 0.745313 0.051562 0.190625
5 0.625781 0.771875 0.073438 0.243750
5 0.609375 0.759375 0.040625 0.218750
