4 0.125875 0.155469 0.123020 0.196875
4 0.279981 0.121094 0.140317 0.215625
4 0.542969 0.096875 0.092188 0.193750
3 0.114020 0.044531 0.054997 0.053125
3 0.311719 0.010156 0.039062 0.020313
5 0.457031 0.177344 0.264062 0.354687
5 0.302344 0.232031 0.235937 0.464062
5 0.135156 0.242969 0.270313 0.485938
5 0.034375 0.310156 0.068750 0.539062
0 0.653873 0.253906 0.062845 0.059375
3 0.661372 0.307812 0.028307 0.031250
7 0.698263 0.412500 0.132477 0.210938
7 0.610156 0.409375 0.042188 0.196875
5 0.625000 0.396094 0.071875 0.367188
5 0.696094 0.396875 0.185938 0.365625
5 0.775781 0.789844 0.373437 0.420312
