3 0.375781 0.155808 0.093750 0.048983
2 0.416406 0.104790 0.121875 0.061647
4 0.361719 0.250421 0.250000 0.223329
5 0.290625 0.321875 0.518750 0.575000
8 0.865625 0.340796 0.240625 0.257650
8 0.905469 0.262500 0.189062 0.525000
5 0.991406 0.278125 0.017188 0.065625
6 0.531250 0.956250 0.037500 0.087500
6 0.421875 0.794411 0.017188 0.040725
6 0.309375 0.761472 0.015625 0.037591
6 0.170313 0.714625 0.015625 0.036028
6 0.489063 0.794020 0.010937 0.031314
6 0.367188 0.764260 0.012500 0.028198
6 0.188281 0.963281 0.073438 0.073438
6 0.139063 0.704650 0.012500 0.031323
6 0.273438 0.735900 0.014063 0.032894
6 0.127344 0.700812 0.012500 0.029760
6 0.044531 0.668481 0.009375 0.020367
6 0.100000 0.682221 0.009375 0.020367
6 0.150000 0.703805 0.010937 0.021939
6 0.165625 0.696683 0.009375 0.018805
6 0.214844 0.708115 0.009375 0.017242
6 0.222656 0.734633 0.015625 0.032903
6 0.220312 0.722927 0.009375 0.023492
6 0.218750 0.719811 0.007812 0.018795
6 0.259375 0.720356 0.009375 0.017242
6 0.282813 0.734283 0.009375 0.021930
6 0.289844 0.737367 0.009375 0.020367
6 0.342969 0.748776 0.009375 0.020367
6 0.362500 0.754913 0.007812 0.020358
6 0.417187 0.767095 0.009375 0.021930
6 0.462500 0.777768 0.009375 0.017242
6 0.471875 0.778495 0.009375 0.017242
6 0.456250 0.763742 0.006250 0.014099
6 0.483594 0.770614 0.006250 0.010974
6 0.511719 0.788420 0.007812 0.018795
6 0.525000 0.788342 0.007812 0.018795
6 0.546875 0.784309 0.006250 0.012536
6 0.503906 0.772840 0.006250 0.012536
1 0.771875 0.763634 0.390625 0.230398
4 0.775000 0.876563 0.450000 0.218750
5 0.775000 0.804688 0.450000 0.390625
