8 0.396094 0.445312 0.326562 0.168750
9 0.096875 0.264844 0.193750 0.529687
5 0.542969 0.399219 0.032813 0.170313
7 0.026562 0.235031 0.026562 0.062809
0 0.015625 0.188810 0.015625 0.022057
5 0.029687 0.254599 0.048438 0.166189
6 0.390625 0.632964 0.021875 0.044005
6 0.468750 0.733873 0.043750 0.084884
6 0.182812 0.648515 0.021875 0.042442
6 0.082031 0.725467 0.034375 0.069150
6 0.378125 0.602350 0.014063 0.025164
9 0.279687 0.914844 0.559375 0.170313
6 0.060937 0.599440 0.010937 0.028252
6 0.127344 0.583025 0.009375 0.018859
6 0.164062 0.574859 0.006250 0.012573
6 0.226562 0.613867 0.015625 0.032994
6 0.235937 0.593664 0.007812 0.020403
6 0.217188 0.585633 0.009375 0.021984
6 0.251563 0.596190 0.010937 0.025127
6 0.304688 0.571808 0.006250 0.018823
6 0.311719 0.576577 0.006250 0.018823
6 0.347656 0.579339 0.007812 0.017278
6 0.540625 0.555803 0.006250 0.015698
6 0.492188 0.553677 0.006250 0.018823
6 0.496875 0.559982 0.007812 0.015716
6 0.465625 0.567430 0.009375 0.020422
6 0.410938 0.568357 0.007812 0.017278
5 0.805469 0.657281 0.046875 0.098983
8 0.786719 0.714844 0.426563 0.370312
