8 0.362500 0.310937 0.134375 0.265625
8 0.081250 0.294531 0.162500 0.589063
0 0.514062 0.211719 0.168750 0.198437
2 0.705469 0.424219 0.010937 0.010937
2 0.753906 0.402344 0.014063 0.014063
2 0.768750 0.413281 0.010937 0.009375
4 0.710938 0.462500 0.025000 0.037500
4 0.753906 0.438281 0.018750 0.034375
4 0.777344 0.446094 0.025000 0.035937
5 0.779687 0.469531 0.051562 0.131250
5 0.754687 0.428906 0.031250 0.065625
5 0.730469 0.445312 0.039062 0.076563
4 0.728906 0.446094 0.026562 0.042188
4 0.713281 0.475000 0.043750 0.115625
7 0.620313 0.467187 0.381250 0.243750
3 0.526563 0.377344 0.110937 0.104688
5 0.623437 0.338281 0.387500 0.501563
2 0.104688 0.890625 0.014063 0.025000
2 0.121094 0.928125 0.020313 0.023438
3 0.114062 0.897656 0.014063 0.021875
3 0.117969 0.939063 0.007812 0.009375
4 0.129688 0.960156 0.029687 0.042188
4 0.139844 0.896875 0.051562 0.067187
5 0.143750 0.928906 0.096875 0.142187
5 0.129688 0.957031 0.056250 0.085938
4 0.600000 0.660156 0.112500 0.142187
5 0.618750 0.794531 0.196875 0.410938
