8 0.192969 0.368750 0.114062 0.162500
8 0.810937 0.225000 0.378125 0.450000
8 0.524219 0.263281 0.548438 0.373437
5 0.333372 0.295312 0.047293 0.071875
2 0.327236 0.275781 0.028289 0.028125
4 0.132812 0.886719 0.234375 0.226562
5 0.125000 0.725000 0.250000 0.550000
5 0.608594 0.807813 0.167187 0.384375
5 0.747656 0.850000 0.164062 0.300000
5 0.781861 0.766406 0.115908 0.317188
4 0.766495 0.721875 0.052162 0.103125
4 0.710445 0.821875 0.056786 0.092188
4 0.629263 0.810156 0.082350 0.189062
3 0.767567 0.671875 0.020422 0.018750
3 0.730312 0.764062 0.009448 0.012500
3 0.588416 0.714063 0.020503 0.032813
0 0.765455 0.632031 0.034611 0.040625
0 0.718748 0.737500 0.047230 0.060937
0 0.591114 0.653125 0.069159 0.070312
