8 0.209375 0.154688 0.418750 0.309375
7 0.793750 0.154688 0.412500 0.309375
5 0.792188 0.154688 0.415625 0.309375
0 0.085938 0.429688 0.017188 0.028125
7 0.057031 0.464062 0.045312 0.067187
5 0.063281 0.496875 0.065625 0.167187
5 0.009375 0.575781 0.018750 0.242188
7 0.432812 0.778125 0.028125 0.303125
7 0.616406 0.603125 0.035937 0.098437
7 0.574219 0.634375 0.062500 0.129688
7 0.653906 0.632031 0.053125 0.118750
7 0.699219 0.632812 0.035937 0.096875
7 0.725781 0.682813 0.065625 0.167187
7 0.775000 0.603906 0.040625 0.092188
7 0.802344 0.684375 0.064062 0.120313
7 0.835156 0.640625 0.025000 0.075000
7 0.883594 0.700781 0.092188 0.184375
7 0.938281 0.640625 0.034375 0.101562
7 0.965625 0.669531 0.068750 0.123438
0 0.971094 0.564063 0.031250 0.034375
0 0.953125 0.555469 0.025000 0.029687
0 0.900781 0.562500 0.045312 0.045312
0 0.831250 0.577344 0.017188 0.025000
0 0.810156 0.567969 0.032813 0.037500
0 0.800781 0.547656 0.018750 0.014063
0 0.775781 0.527344 0.023438 0.025000
0 0.742188 0.542969 0.042188 0.043750
0 0.714844 0.556250 0.015625 0.020313
0 0.652344 0.535156 0.032813 0.032813
0 0.592969 0.521094 0.015625 0.017188
0 0.582812 0.527344 0.034375 0.026562
0 0.434375 0.505469 0.031250 0.101562
3 0.421875 0.597656 0.006250 0.035937
3 0.589063 0.563281 0.014063 0.017188
3 0.648438 0.567187 0.015625 0.012500
3 0.718750 0.581250 0.010937 0.012500
3 0.745313 0.585938 0.018750 0.017188
3 0.778125 0.557813 0.014063 0.014063
3 0.825000 0.587500 0.006250 0.009375
3 0.814844 0.605469 0.012500 0.012500
3 0.900781 0.614844 0.015625 0.023438
3 0.973437 0.598437 0.015625 0.015625
5 0.467187 0.725781 0.096875 0.548438
5 0.607031 0.662500 0.060937 0.298438
5 0.575781 0.689063 0.085938 0.356250
5 0.653906 0.682813 0.096875 0.331250
5 0.700781 0.656250 0.043750 0.220312
5 0.734375 0.741406 0.096875 0.443750
5 0.772656 0.661719 0.051562 0.293750
5 0.800781 0.555469 0.018750 0.034375
5 0.832031 0.663281 0.031250 0.198437
5 0.806250 0.697656 0.076563 0.295312
5 0.915625 0.644531 0.021875 0.082812
5 0.885156 0.755469 0.104688 0.435937
5 0.941406 0.680469 0.051562 0.281250
5 0.964844 0.720313 0.070312 0.346875
