8 0.056250 0.116406 0.112500 0.229687
8 0.253125 0.319531 0.293750 0.639062
4 0.700000 0.557813 0.600000 0.162500
1 0.704031 0.344638 0.555334 0.382905
2 0.674029 0.156525 0.414744 0.119596
5 0.700000 0.344531 0.600000 0.589063
5 0.175000 0.883594 0.190625 0.232813
5 0.067187 0.943750 0.134375 0.112500
5 0.025000 0.903906 0.050000 0.192188
4 0.007812 0.922656 0.015625 0.104688
4 0.067969 0.978906 0.060937 0.042188
4 0.143750 0.937500 0.093750 0.125000
3 0.035531 0.955872 0.011010 0.012564
3 0.160022 0.867644 0.022066 0.032940
0 0.038479 0.925385 0.050364 0.062791
0 0.140931 0.809160 0.072302 0.073856
1 0.589063 0.923438 0.128125 0.153125
3 0.517188 0.675000 0.081250 0.071875
4 0.567969 0.830469 0.317188 0.339062
5 0.596094 0.819531 0.392188 0.360938
