8 0.557813 0.115625 0.162500 0.231250
8 0.226562 0.300000 0.453125 0.600000
7 0.142801 0.546082 0.022311 0.037627
7 0.037744 0.107160 0.019223 0.040734
4 0.027359 0.328208 0.020767 0.039181
0 0.026978 0.293828 0.014372 0.026644
5 0.035927 0.129025 0.037556 0.139272
5 0.025651 0.340699 0.042080 0.125236
5 0.139767 0.538251 0.031959 0.061119
4 0.319531 0.895312 0.639062 0.209375
1 0.282813 0.673438 0.546875 0.146875
5 0.319531 0.800000 0.639062 0.400000
5 0.940366 0.829132 0.017606 0.036037
5 0.926562 0.617188 0.025000 0.034375
4 0.917188 0.607812 0.009375 0.015625
4 0.938730 0.835372 0.011101 0.014126
2 0.942101 0.814297 0.009448 0.006305
8 0.719531 0.615625 0.154688 0.031250
8 0.901563 0.657031 0.196875 0.114062
8 0.809375 0.871875 0.340625 0.256250
8 0.737500 0.725000 0.196875 0.250000
