4 0.402344 0.395313 0.095312 0.146875
3 0.430469 0.267188 0.039062 0.093750
2 0.401562 0.100000 0.096875 0.106250
5 0.251563 0.234375 0.396875 0.468750
8 0.694531 0.296094 0.489063 0.345313
7 0.642111 0.389949 0.047384 0.044295
5 0.641321 0.390721 0.061847 0.078834
5 0.225000 0.734375 0.450000 0.531250
4 0.183594 0.799219 0.367188 0.401562
1 0.067187 0.582812 0.134375 0.228125
1 0.839844 0.809375 0.320312 0.381250
2 0.810156 0.547656 0.379688 0.157812
4 0.789062 0.931250 0.421875 0.137500
5 0.725000 0.734375 0.550000 0.531250
