6 0.239844 0.184375 0.479687 0.368750
4 0.453906 0.267188 0.051562 0.203125
3 0.403125 0.078463 0.117188 0.149119
5 0.360156 0.184375 0.239063 0.368750
8 0.755469 0.184375 0.489063 0.368750
8 0.607812 0.209375 0.256250 0.318750
7 0.624219 0.325560 0.029687 0.039235
5 0.625781 0.324788 0.035937 0.048647
8 0.239844 0.862500 0.479687 0.275000
2 0.021875 0.891616 0.034375 0.029887
3 0.025781 0.917420 0.018750 0.014172
4 0.021875 0.956250 0.043750 0.087500
5 0.055469 0.933594 0.110937 0.132812
5 0.682031 0.652344 0.404687 0.567187
