6 0.175000 0.229687 0.350000 0.459375
3 0.209375 0.380469 0.125000 0.157812
2 0.154688 0.080469 0.215625 0.160938
5 0.230469 0.229687 0.398438 0.459375
8 0.659375 0.229687 0.459375 0.459375
8 0.214844 0.729688 0.429688 0.540625
0 0.285938 0.678764 0.034375 0.033012
0 0.014063 0.724219 0.028125 0.048438
3 0.007812 0.767969 0.015625 0.023438
1 0.289062 0.710032 0.023438 0.022011
7 0.307031 0.774980 0.070312 0.117597
7 0.050781 0.821146 0.092188 0.155224
7 0.010156 0.809375 0.020313 0.121875
5 0.030469 0.848437 0.060937 0.303125
5 0.067969 0.846094 0.135937 0.307812
5 0.302344 0.816359 0.142187 0.324265
3 0.777344 0.508594 0.110937 0.098437
3 0.535156 0.628203 0.203125 0.187119
4 0.557813 0.844531 0.256250 0.310937
4 0.838281 0.783594 0.317188 0.432812
4 0.971094 0.690625 0.057813 0.378125
5 0.925781 0.729688 0.148438 0.540625
5 0.804688 0.729688 0.390625 0.540625
5 0.602344 0.729688 0.345313 0.540625
