3 0.105469 0.329531 0.065625 0.075382
2 0.084375 0.188002 0.142187 0.114890
5 0.088281 0.315625 0.176563 0.368750
9 0.226562 0.279687 0.453125 0.559375
6 0.460938 0.464844 0.028125 0.189062
9 0.452344 0.250781 0.054688 0.226562
4 0.883594 0.103125 0.232813 0.206250
5 0.875781 0.279687 0.248438 0.559375
5 0.273438 0.684404 0.010937 0.039126
8 0.354687 0.672656 0.109375 0.226562
8 0.249219 0.779687 0.460938 0.440625
9 0.816406 0.807892 0.032813 0.028316
9 0.858594 0.804232 0.028125 0.025164
9 0.887500 0.795806 0.032813 0.025191
8 0.976562 0.829918 0.032813 0.039253
0 0.913281 0.811581 0.018750 0.037609
0 0.897656 0.894303 0.020313 0.037618
4 0.897656 0.851334 0.026562 0.064217
4 0.892188 0.958333 0.025000 0.078270
5 0.896875 0.866954 0.046875 0.144023
5 0.885938 0.937500 0.059375 0.125000
3 0.896875 0.920079 0.009375 0.009430
