6 0.348438 0.542188 0.240625 0.175000
2 0.454688 0.479687 0.028125 0.093750
5 0.343750 0.515625 0.250000 0.228125
5 0.988281 0.562500 0.023438 0.090625
8 0.891566 0.406011 0.214737 0.327790
8 0.782813 0.314844 0.434375 0.629687
9 0.779367 0.177999 0.024147 0.061074
9 0.808146 0.189105 0.057141 0.076890
8 0.650098 0.074115 0.034975 0.051762
9 0.712135 0.047131 0.011083 0.012564
9 0.697055 0.067357 0.015861 0.020403
9 0.709446 0.076804 0.017442 0.021975
1 0.159375 0.796875 0.318750 0.334375
4 0.234375 0.910156 0.468750 0.179688
5 0.234375 0.814844 0.468750 0.370312
1 0.714844 0.924219 0.492188 0.151562
0 0.708174 0.842371 0.440917 0.161929
5 0.734375 0.849219 0.531250 0.301563
