3 0.464844 0.322656 0.070312 0.082812
2 0.438281 0.168837 0.101562 0.090244
4 0.450781 0.438281 0.098437 0.142187
5 0.413281 0.293750 0.173437 0.431250
5 0.748437 0.178909 0.040625 0.086410
8 0.860938 0.254688 0.278125 0.509375
8 0.785937 0.189844 0.312500 0.379688
3 0.456250 0.514844 0.025000 0.010937
4 0.332813 0.632812 0.306250 0.246875
5 0.336719 0.754687 0.326562 0.490625
8 0.743750 0.754687 0.487500 0.490625
0 0.588281 0.840164 0.032813 0.033194
0 0.866406 0.791837 0.046875 0.045858
0 0.904687 0.778220 0.034375 0.037900
0 0.935937 0.743428 0.046875 0.048983
3 0.954688 0.776458 0.014063 0.015789
3 0.904687 0.810252 0.020313 0.020549
3 0.880469 0.832626 0.021875 0.022130
1 0.595313 0.869933 0.023438 0.020585
7 0.600781 0.936403 0.065625 0.114826
7 0.855469 0.897179 0.085938 0.152562
7 0.910156 0.866565 0.060937 0.119459
7 0.954688 0.848333 0.081250 0.132195
5 0.950781 0.857031 0.098437 0.285938
5 0.920312 0.877344 0.103125 0.245312
5 0.873437 0.883594 0.143750 0.232813
5 0.618750 0.907031 0.131250 0.185938
