6 0.339062 0.335938 0.203125 0.287500
2 0.121299 0.432878 0.101000 0.086519
5 0.220312 0.429688 0.440625 0.100000
2 0.614844 0.152344 0.270313 0.245312
5 0.739844 0.245312 0.520312 0.468750
8 0.093750 0.679688 0.187500 0.203125
8 0.405469 0.822656 0.148438 0.354687
8 0.239844 0.739844 0.479687 0.520312
3 0.153074 0.659858 0.007940 0.010983
2 0.149758 0.643433 0.014281 0.018832
4 0.147860 0.681701 0.017624 0.037600
5 0.154055 0.677050 0.036956 0.087709
1 0.714063 0.867188 0.468750 0.265625
2 0.739844 0.617969 0.520312 0.201563
5 0.739844 0.748437 0.520312 0.503125
