6 0.081250 0.183594 0.162500 0.367188
3 0.212235 0.330067 0.084884 0.088482
2 0.249575 0.167902 0.109948 0.099710
4 0.175781 0.461719 0.210938 0.176563
5 0.184375 0.305469 0.368750 0.489063
5 0.672656 0.275000 0.385937 0.550000
8 0.239844 0.775000 0.479687 0.450000
1 0.803351 0.910368 0.058149 0.058485
1 0.848437 0.978125 0.093750 0.043750
3 0.940977 0.661875 0.075364 0.063373
1 0.740873 0.646233 0.070794 0.083631
2 0.941406 0.583594 0.117188 0.067187
2 0.877447 0.888410 0.098847 0.071458
2 0.838734 0.814637 0.061292 0.061647
2 0.924219 0.965625 0.054688 0.068750
2 0.730469 0.564063 0.110937 0.028125
4 0.652344 0.830469 0.204687 0.339062
4 0.893750 0.797656 0.212500 0.285938
4 0.766406 0.964844 0.104688 0.070312
2 0.536719 0.972656 0.092188 0.054688
5 0.960938 0.633594 0.078125 0.167187
5 0.850781 0.775000 0.298438 0.450000
5 0.762500 0.879687 0.243750 0.240625
5 0.789844 0.910937 0.289062 0.178125
5 0.878125 0.957031 0.146875 0.085938
5 0.783594 0.639062 0.310937 0.178125
5 0.678906 0.775000 0.357812 0.450000
5 0.566406 0.962500 0.173437 0.075000
5 0.561719 0.722656 0.164062 0.345313
5 0.587500 0.648438 0.215625 0.196875
