6 0.236719 0.110937 0.239063 0.221875
5 0.142969 0.328125 0.285938 0.481250
4 0.975000 0.096875 0.050000 0.193750
4 0.796875 0.077344 0.140625 0.154688
4 0.578906 0.100781 0.182812 0.201563
5 0.572656 0.284375 0.226562 0.568750
5 0.624219 0.284375 0.329688 0.568750
5 0.936719 0.246875 0.126562 0.493750
5 0.763281 0.239063 0.276562 0.478125
7 0.147656 0.716406 0.295312 0.295312
5 0.229687 0.784375 0.459375 0.431250
8 0.917969 0.837500 0.164062 0.168750
8 0.729688 0.784375 0.540625 0.431250
4 0.717187 0.873437 0.032813 0.057813
2 0.731250 0.822656 0.015625 0.017188
5 0.717969 0.857031 0.050000 0.096875
8 0.536719 0.796875 0.150000 0.115625
