6 0.253125 0.126562 0.207813 0.229687
6 0.085156 0.362500 0.170313 0.375000
6 0.436719 0.012500 0.110937 0.025000
6 0.383594 0.052344 0.167187 0.104688
6 0.800781 0.261719 0.398438 0.523438
0 0.264062 0.618750 0.156250 0.137500
7 0.466406 0.775000 0.245312 0.450000
7 0.314063 0.914844 0.300000 0.170313
7 0.075000 0.759375 0.150000 0.418750
3 0.280469 0.790625 0.082812 0.087500
5 0.524219 0.775000 0.129688 0.450000
5 0.428125 0.775000 0.321875 0.450000
5 0.260156 0.775000 0.370312 0.450000
5 0.098437 0.775000 0.196875 0.450000
8 0.711719 0.697656 0.245312 0.295312
8 0.813281 0.775000 0.373437 0.450000
