6 0.428906 0.144531 0.360938 0.289062
0 0.939063 0.229687 0.121875 0.184375
7 0.719531 0.294531 0.220312 0.429688
3 0.697737 0.043851 0.083258 0.077526
3 0.960390 0.423495 0.078598 0.082159
5 0.883594 0.322656 0.232813 0.373437
5 0.739844 0.254688 0.260937 0.509375
5 0.200000 0.855469 0.209375 0.289062
5 0.375781 0.848437 0.235937 0.303125
5 0.536719 0.816406 0.145313 0.367188
3 0.508411 0.787224 0.033176 0.062882
3 0.362812 0.834752 0.051844 0.049037
3 0.196438 0.827346 0.051844 0.049037
3 0.030136 0.807441 0.044014 0.045822
2 0.019531 0.714844 0.039062 0.079687
2 0.191469 0.741345 0.061219 0.049147
2 0.357130 0.737023 0.076926 0.063391
2 0.537944 0.679748 0.086410 0.082250
4 0.554688 0.902344 0.109375 0.195312
4 0.367969 0.925781 0.167187 0.148438
4 0.197656 0.925000 0.132812 0.150000
4 0.033594 0.914062 0.067187 0.171875
