6 0.344531 0.073438 0.448437 0.146875
2 0.957031 0.067103 0.067187 0.051953
1 0.925781 0.132546 0.037500 0.056468
3 0.879687 0.032031 0.071875 0.064062
4 0.948438 0.199084 0.078125 0.102017
4 0.777344 0.234375 0.292187 0.468750
4 0.614844 0.119531 0.073438 0.239063
5 0.620313 0.234375 0.103125 0.468750
5 0.785156 0.234375 0.429688 0.468750
5 0.942187 0.148438 0.115625 0.228125
0 0.203906 0.722954 0.168750 0.207232
7 0.060937 0.735938 0.121875 0.528125
7 0.442969 0.785937 0.251563 0.428125
3 0.493750 0.539484 0.093750 0.088045
3 0.183594 0.933773 0.089063 0.094268
3 0.019531 0.500781 0.039062 0.064062
5 0.104688 0.734375 0.209375 0.531250
5 0.207813 0.807031 0.396875 0.385937
5 0.419531 0.734375 0.298438 0.531250
5 0.800781 0.546094 0.095312 0.154688
