8 0.659375 0.125000 0.243750 0.250000
0 0.039844 0.435156 0.079687 0.279687
7 0.320312 0.596094 0.378125 0.389062
3 0.071683 0.495312 0.107141 0.153125
7 0.302344 0.964063 0.389062 0.071875
5 0.254688 0.536719 0.509375 0.514062
5 0.300000 0.928906 0.418750 0.142187
0 0.828125 0.330469 0.146875 0.101562
2 0.962500 0.299219 0.075000 0.039062
3 0.959110 0.395313 0.039381 0.054688
3 0.532680 0.372656 0.023728 0.050000
4 0.557031 0.696094 0.095312 0.607812
4 0.840625 0.758594 0.240625 0.482812
4 0.954545 0.508594 0.027190 0.107813
5 0.970313 0.450000 0.059375 0.253125
5 0.958594 0.639844 0.082812 0.720313
0 0.826562 0.639844 0.346875 0.720313
0 0.594531 0.639844 0.170313 0.720313
9 0.754687 0.639844 0.490625 0.720313
