9 0.722656 0.204687 0.407813 0.409375
0 0.135240 0.733028 0.205860 0.203944
0 0.485156 0.904687 0.067187 0.190625
0 0.176563 0.976562 0.153125 0.046875
5 0.042188 0.485938 0.084375 0.125000
4 0.448437 0.559375 0.140625 0.165625
5 0.435156 0.444531 0.167187 0.070312
5 0.428125 0.575000 0.181250 0.225000
0 0.177759 0.923953 0.161701 0.133123
4 0.185871 0.841040 0.108549 0.127817
4 0.309375 0.904687 0.187500 0.190625
2 0.316767 0.778576 0.106850 0.104361
3 0.386684 0.844173 0.042460 0.047366
5 0.222656 0.975781 0.320312 0.048438
5 0.149738 0.807865 0.248466 0.276310
5 0.331250 0.849219 0.343750 0.301563
5 0.486719 0.902344 0.064062 0.195312
5 0.980469 0.818750 0.039062 0.096875
4 0.993750 0.778125 0.012500 0.012500
3 0.993720 0.789010 0.006314 0.011010
4 0.993750 0.805469 0.012500 0.026562
9 0.972703 0.668153 0.020431 0.020549
8 0.688641 0.725368 0.157014 0.133068
8 0.568750 0.690625 0.100000 0.328125
8 0.657813 0.937500 0.278125 0.125000
8 0.778125 0.747656 0.443750 0.504687
9 0.826559 0.661259 0.032976 0.028507
9 0.836034 0.678337 0.026681 0.020622
9 0.846990 0.681335 0.029778 0.015970
9 0.862601 0.678809 0.026662 0.017497
9 0.872017 0.685731 0.023501 0.011210
