3 0.504656 0.203285 0.115335 0.110702
3 0.710742 0.186823 0.140753 0.146931
2 0.708806 0.087613 0.116370 0.065408
2 0.543862 0.080938 0.127581 0.088973
4 0.662500 0.287500 0.393750 0.184375
4 0.442969 0.292969 0.248438 0.173437
5 0.470313 0.189844 0.303125 0.379688
5 0.657031 0.189844 0.676562 0.379688
8 0.150141 0.580319 0.237539 0.274602
8 0.195312 0.772656 0.246875 0.429688
8 0.022656 0.448437 0.045312 0.137500
6 0.436695 0.466686 0.044586 0.072384
6 0.709460 0.472888 0.027235 0.058122
6 0.844789 0.486159 0.023983 0.047148
6 0.966546 0.541781 0.022384 0.044005
6 0.989844 0.807813 0.020313 0.140625
9 0.600781 0.739062 0.564063 0.521875
