4 0.581009 0.171516 0.014317 0.022039
4 0.474896 0.158561 0.009539 0.014172
4 0.411719 0.164844 0.023438 0.057813
4 0.634080 0.176821 0.017460 0.023637
2 0.582744 0.156690 0.004778 0.007867
2 0.476558 0.149985 0.004760 0.006305
2 0.415030 0.132861 0.017406 0.018950
2 0.636578 0.163567 0.007922 0.009466
5 0.634797 0.182299 0.024019 0.050273
5 0.581009 0.171516 0.019223 0.040843
5 0.474087 0.160895 0.012845 0.029833
5 0.416406 0.164844 0.032813 0.085938
6 0.110461 0.730534 0.068860 0.144532
6 0.328906 0.535937 0.032813 0.034375
9 0.228906 0.823438 0.342187 0.353125
9 0.700000 0.759375 0.600000 0.481250
