8 0.488281 0.255469 0.276562 0.385937
6 0.882031 0.411303 0.043750 0.103380
6 0.868750 0.348880 0.023438 0.061074
6 0.761719 0.349502 0.028125 0.064226
6 0.678125 0.353895 0.028125 0.059539
4 0.836719 0.366254 0.035937 0.053334
2 0.828906 0.320205 0.017188 0.021975
5 0.831250 0.366285 0.068750 0.123837
6 0.416406 0.554688 0.085938 0.168750
6 0.374219 0.550781 0.048438 0.176563
9 0.394531 0.323514 0.050000 0.054978
9 0.413281 0.321061 0.070312 0.069159
9 0.675000 0.819531 0.650000 0.360938
3 0.913281 0.686719 0.085938 0.095312
5 0.857812 0.819531 0.284375 0.360938
7 0.892188 0.819531 0.215625 0.360938
