7 0.814844 0.189844 0.370312 0.379688
5 0.771875 0.189844 0.456250 0.379688
0 0.567102 0.512974 0.196458 0.198011
2 0.721032 0.786517 0.011001 0.011001
2 0.776451 0.778246 0.014144 0.014144
2 0.788256 0.793158 0.011001 0.011001
4 0.716581 0.827115 0.023665 0.039199
4 0.767285 0.814129 0.015834 0.036028
4 0.787679 0.828309 0.023656 0.037636
5 0.784700 0.853291 0.042987 0.137745
5 0.770355 0.804772 0.028525 0.068914
5 0.740732 0.815537 0.034839 0.079887
4 0.739165 0.814746 0.025255 0.043895
4 0.715091 0.839605 0.036637 0.120522
7 0.565625 0.839063 0.362500 0.321875
3 0.551723 0.689441 0.109975 0.103761
5 0.578906 0.691406 0.398438 0.617188
