3 0.804221 0.261719 0.218024 0.143750
4 0.786719 0.328125 0.426563 0.268750
2 0.861719 0.044531 0.276562 0.089063
5 0.709375 0.247656 0.581250 0.495312
2 0.859375 0.462500 0.259375 0.075000
5 0.709375 0.443750 0.581250 0.112500
9 0.490625 0.950781 0.143750 0.098437
0 0.631387 0.781250 0.074083 0.110937
3 0.656628 0.822656 0.030078 0.067187
0 0.708990 0.825781 0.036256 0.054688
7 0.685937 0.931250 0.081250 0.137500
7 0.627344 0.927344 0.154688 0.145313
5 0.621875 0.813281 0.237500 0.373437
5 0.673438 0.863281 0.165625 0.273438
