7 0.040625 0.904687 0.081250 0.190625
7 0.179865 0.745919 0.051164 0.100582
7 0.147380 0.785355 0.081251 0.135302
7 0.222616 0.764169 0.070168 0.122675
7 0.266475 0.754285 0.049583 0.099001
7 0.301922 0.796055 0.091044 0.171349
7 0.331828 0.709781 0.054216 0.094368
7 0.375532 0.780356 0.081142 0.125927
7 0.397198 0.730892 0.036810 0.075418
7 0.417187 0.775781 0.043750 0.192188
0 0.428125 0.641406 0.021875 0.051562
0 0.379921 0.671726 0.020622 0.026799
0 0.358881 0.667284 0.037973 0.041061
0 0.345010 0.651042 0.020512 0.017424
0 0.317057 0.636525 0.026890 0.028434
0 0.287897 0.658736 0.047439 0.048983
0 0.265004 0.679313 0.019005 0.022093
0 0.201023 0.673027 0.036356 0.036356
0 0.140876 0.672946 0.017424 0.020512
0 0.132183 0.681639 0.037864 0.031686
3 0.146644 0.714279 0.017406 0.018950
3 0.203776 0.705022 0.015807 0.015807
3 0.273334 0.701869 0.012664 0.014208
3 0.299143 0.699225 0.020549 0.020549
3 0.324534 0.665340 0.015789 0.014244
3 0.376668 0.682700 0.006359 0.009448
3 0.370191 0.702304 0.014226 0.014226
5 0.096094 0.812500 0.192188 0.375000
5 0.183871 0.804459 0.106561 0.296512
5 0.159375 0.829688 0.140625 0.340625
5 0.232981 0.813261 0.146042 0.332905
5 0.271680 0.776878 0.079090 0.218078
5 0.321875 0.814844 0.165625 0.370312
5 0.342120 0.765122 0.098676 0.290172
5 0.346481 0.658836 0.022293 0.036192
5 0.399288 0.752740 0.063210 0.196022
5 0.379688 0.791406 0.118750 0.295312
5 0.410938 0.805469 0.056250 0.389062
8 0.736719 0.804688 0.526563 0.390625
8 0.839063 0.851562 0.321875 0.296875
