0 0.948752 0.303278 0.087982 0.083831
2 0.752750 0.585353 0.134848 0.082814
2 0.657031 0.508594 0.095312 0.101562
2 0.697825 0.140994 0.042342 0.027053
3 0.961589 0.361236 0.043968 0.038009
3 0.704234 0.168410 0.025118 0.020603
3 0.649040 0.617737 0.076835 0.047766
4 0.871400 0.435181 0.168124 0.162883
4 0.817969 0.643750 0.364063 0.090625
4 0.659375 0.626563 0.100000 0.125000
4 0.699819 0.215230 0.084830 0.079107
5 0.714191 0.268519 0.142361 0.300074
5 0.885938 0.457031 0.228125 0.401562
5 0.804688 0.601562 0.390625 0.175000
5 0.693750 0.560937 0.168750 0.256250
5 0.634375 0.301563 0.050000 0.487500
8 0.304688 0.844531 0.609375 0.310937
4 0.899929 0.980381 0.020522 0.036174
2 0.896645 0.953000 0.006305 0.009448
5 0.911719 0.971875 0.035937 0.056250
8 0.837500 0.844531 0.325000 0.310937
