8 0.800781 0.178906 0.398438 0.357812
8 0.764844 0.204687 0.470313 0.409375
8 0.264844 0.620313 0.529687 0.421875
6 0.801919 0.829688 0.056795 0.093750
6 0.990625 0.851562 0.018750 0.084375
6 0.968633 0.748437 0.020540 0.039062
6 0.829380 0.715625 0.018968 0.037500
6 0.719056 0.686719 0.018941 0.032813
6 0.617379 0.667188 0.017378 0.032813
6 0.550869 0.649219 0.015807 0.031250
6 0.541439 0.639844 0.015816 0.032813
6 0.856687 0.709375 0.015816 0.032813
6 0.752649 0.686719 0.015816 0.032813
6 0.671308 0.671094 0.015816 0.032813
9 0.764844 0.889844 0.470313 0.220312
