6 0.261719 0.005469 0.007812 0.010937
6 0.314302 0.013547 0.007958 0.025045
6 0.318681 0.066699 0.015898 0.046966
6 0.361859 0.031012 0.009548 0.029742
6 0.382775 0.061603 0.012727 0.039135
6 0.389893 0.046800 0.009575 0.034430
6 0.186709 0.055775 0.017515 0.056350
6 0.025781 0.026562 0.017188 0.053125
6 0.237926 0.115450 0.027026 0.079842
6 0.459778 0.120647 0.022257 0.065752
6 0.522405 0.099136 0.014326 0.045394
6 0.500689 0.071665 0.011156 0.037564
6 0.443040 0.043203 0.009548 0.029742
6 0.369739 0.019338 0.007949 0.023483
6 0.300000 0.004687 0.006250 0.009375
1 0.846875 0.221094 0.306250 0.279687
4 0.809375 0.353125 0.381250 0.112500
5 0.809375 0.204687 0.381250 0.409375
7 0.914844 0.542188 0.170313 0.265625
5 0.896875 0.704688 0.206250 0.590625
