6 0.389860 0.012196 0.006523 0.023510
6 0.311699 0.014412 0.008085 0.023528
6 0.235863 0.018218 0.008103 0.025091
6 0.181875 0.024622 0.008103 0.025091
6 0.169538 0.077611 0.016189 0.048619
6 0.131757 0.034196 0.009720 0.029797
6 0.106430 0.062031 0.012955 0.039208
6 0.101924 0.046351 0.009793 0.036047
6 0.302251 0.087750 0.017842 0.056450
6 0.241494 0.138612 0.029070 0.081577
6 0.019947 0.107906 0.022639 0.065880
6 0.048154 0.034005 0.009739 0.031359
6 0.124871 0.021615 0.008085 0.023528
6 0.198418 0.013094 0.006505 0.021948
6 0.295312 0.008594 0.006250 0.017188
6 0.397656 0.007812 0.007812 0.015625
8 0.219531 0.744531 0.439063 0.510938
2 0.104439 0.730900 0.039372 0.027017
2 0.153125 0.989062 0.056250 0.021875
3 0.098661 0.757399 0.020494 0.015861
4 0.105729 0.821553 0.048020 0.098983
5 0.085938 0.854688 0.156250 0.290625
1 0.864062 0.521875 0.103125 0.065625
0 0.643750 0.618750 0.175000 0.259375
7 0.648438 0.699219 0.418750 0.289062
7 0.910156 0.711719 0.179688 0.445312
5 0.852344 0.710938 0.295312 0.443750
5 0.653906 0.695312 0.429688 0.412500
1 0.625839 0.753828 0.067769 0.050782
