6 0.155469 0.484375 0.054688 0.131250
6 0.186494 0.174219 0.006577 0.028125
7 0.018779 0.128906 0.004778 0.007812
7 0.069597 0.132031 0.004778 0.007812
7 0.077354 0.127344 0.006468 0.018750
2 0.167044 0.114062 0.004797 0.009375
2 0.120986 0.117188 0.004778 0.007812
2 0.077200 0.114062 0.003216 0.007812
5 0.167979 0.127344 0.011410 0.040625
5 0.121868 0.125781 0.009720 0.029687
5 0.077300 0.122656 0.009666 0.025000
5 0.069569 0.129688 0.006395 0.012500
5 0.025011 0.127344 0.008012 0.017188
5 0.017961 0.125781 0.004797 0.009375
4 0.168843 0.134375 0.008067 0.021875
4 0.122703 0.130469 0.008031 0.018750
1 0.892969 0.425000 0.214062 0.250000
2 0.883594 0.133594 0.232813 0.264062
5 0.739844 0.276562 0.520312 0.546875
9 0.231250 0.867188 0.462500 0.265625
8 0.883594 0.775000 0.232813 0.450000
5 0.946875 0.564063 0.025000 0.028125
