6 0.571198 0.206999 0.037119 0.101981
6 0.445879 0.046716 0.014517 0.039226
6 0.333878 0.023797 0.012918 0.036083
6 0.591464 0.068463 0.012900 0.034520
6 0.586595 0.052892 0.008103 0.025091
6 0.511449 0.041265 0.009720 0.029797
6 0.390900 0.022352 0.009684 0.026672
6 0.236070 0.280439 0.062919 0.171022
6 0.296094 0.008594 0.010937 0.017188
6 0.246094 0.009375 0.014063 0.018750
6 0.304688 0.003906 0.009375 0.007812
6 0.312500 0.004687 0.009375 0.009375
6 0.364063 0.008594 0.009375 0.017188
6 0.385323 0.013041 0.008049 0.020403
6 0.439320 0.020226 0.008067 0.021966
6 0.483942 0.027521 0.008012 0.017278
6 0.494089 0.026621 0.008012 0.017278
6 0.478328 0.015084 0.004851 0.014117
6 0.504936 0.018681 0.006377 0.011010
6 0.534033 0.034751 0.006468 0.018823
6 0.547305 0.033816 0.006450 0.017260
6 0.582498 0.036531 0.006450 0.017260
6 0.567545 0.027329 0.004833 0.012555
6 0.592708 0.041101 0.008049 0.020403
6 0.524485 0.020017 0.006395 0.012573
8 0.800000 0.173437 0.400000 0.346875
4 0.535156 0.657813 0.051562 0.137500
4 0.569531 0.691406 0.060937 0.204687
4 0.464844 0.653906 0.098437 0.129688
4 0.376563 0.666406 0.103125 0.154688
4 0.231250 0.664062 0.112500 0.150000
4 0.137500 0.674219 0.121875 0.170313
4 0.029687 0.651563 0.059375 0.125000
5 0.045312 0.755469 0.090625 0.332813
5 0.142969 0.794531 0.185938 0.410938
5 0.232813 0.794531 0.171875 0.410938
5 0.367969 0.794531 0.160938 0.410938
5 0.464062 0.780469 0.143750 0.382812
5 0.539844 0.764062 0.120313 0.350000
5 0.548438 0.794531 0.103125 0.410938
5 0.712500 0.794531 0.225000 0.410938
5 0.873437 0.794531 0.253125 0.410938
4 0.880469 0.743750 0.179688 0.309375
4 0.717187 0.693750 0.143750 0.209375
