6 0.603906 0.124219 0.051562 0.123438
6 0.275776 0.012106 0.009511 0.023547
6 0.277819 0.063642 0.020585 0.047111
6 0.232675 0.035263 0.012664 0.028270
6 0.216078 0.068266 0.017415 0.039262
6 0.207561 0.055085 0.012691 0.032958
6 0.401416 0.034862 0.023756 0.054960
6 0.548438 0.005469 0.025000 0.010937
6 0.360423 0.098615 0.036392 0.078543
6 0.150852 0.134646 0.028498 0.064390
6 0.088425 0.122873 0.020567 0.043986
6 0.105776 0.094548 0.015843 0.037682
6 0.155981 0.058810 0.012673 0.029833
6 0.222573 0.026006 0.009502 0.021984
6 0.287500 0.003906 0.009375 0.007812
4 0.289844 0.490625 0.204687 0.203125
5 0.300781 0.636719 0.432812 0.495312
9 0.926562 0.583594 0.146875 0.167187
0 0.819825 0.419002 0.037782 0.048874
7 0.829222 0.549352 0.094677 0.160466
7 0.964063 0.553125 0.071875 0.281250
3 0.821165 0.457265 0.028289 0.028452
5 0.932031 0.694531 0.135937 0.610938
5 0.830469 0.650781 0.214062 0.523438
