6 0.067187 0.368750 0.075000 0.081250
6 0.071926 0.060156 0.009548 0.029687
5 0.046875 0.016406 0.015625 0.032813
5 0.001563 0.014844 0.003125 0.029687
4 0.049024 0.017969 0.011083 0.025000
4 0.001563 0.017188 0.003125 0.021875
6 0.650000 0.222656 0.362500 0.373437
5 0.925781 0.013281 0.070312 0.026562
6 0.141406 0.950781 0.042188 0.098437
6 0.268838 0.777344 0.017442 0.043750
6 0.391308 0.745313 0.014290 0.039062
6 0.020659 0.821875 0.014281 0.037500
6 0.111207 0.808594 0.014290 0.039062
6 0.115013 0.791406 0.009539 0.028125
6 0.196949 0.775000 0.012691 0.032813
6 0.328817 0.746875 0.011110 0.029687
6 0.430220 0.719531 0.012709 0.035937
6 0.083773 0.792969 0.012682 0.031250
6 0.446527 0.702344 0.009475 0.017188
6 0.420832 0.717187 0.009511 0.023438
6 0.412256 0.720313 0.009502 0.021875
6 0.355289 0.731250 0.009502 0.021875
6 0.334227 0.736719 0.007940 0.021875
6 0.274138 0.748437 0.007949 0.023438
6 0.225756 0.757812 0.007922 0.018750
6 0.215604 0.758594 0.007922 0.018750
6 0.232700 0.742969 0.006332 0.014063
6 0.203054 0.750000 0.006323 0.012500
6 0.171913 0.768750 0.007931 0.020313
6 0.157065 0.767969 0.007931 0.020313
6 0.119596 0.773438 0.006359 0.018750
6 0.134372 0.761719 0.006332 0.014063
6 0.107133 0.779687 0.007940 0.021875
6 0.064232 0.791406 0.009520 0.025000
6 0.051737 0.792188 0.011074 0.023438
6 0.181188 0.751563 0.007894 0.014063
6 0.034545 0.791406 0.011092 0.026562
6 0.027495 0.788281 0.007931 0.020313
