9 0.229687 0.154688 0.459375 0.309375
8 0.667969 0.136719 0.417187 0.273438
6 0.449219 0.914844 0.020313 0.170313
6 0.364487 0.773931 0.044314 0.097384
6 0.285948 0.703747 0.033212 0.069132
6 0.218565 0.670935 0.025318 0.054978
6 0.173925 0.652703 0.020594 0.048674
6 0.112102 0.635452 0.022148 0.047130
6 0.026096 0.624734 0.017406 0.037700
9 0.016406 0.552344 0.032813 0.117188
9 0.229687 0.864062 0.459375 0.271875
6 0.536689 0.684001 0.061774 0.144459
6 0.740899 0.465204 0.031541 0.050364
6 0.785989 0.426395 0.017506 0.054887
9 0.757031 0.795312 0.485938 0.409375
6 0.900691 0.400840 0.011092 0.026690
6 0.702190 0.392211 0.007958 0.025091
6 0.693592 0.391530 0.011019 0.014190
6 0.761479 0.376677 0.007894 0.014153
6 0.813028 0.373733 0.006341 0.015698
6 0.826400 0.389204 0.006368 0.020385
6 0.833440 0.390684 0.012582 0.014208
6 0.838219 0.406255 0.011065 0.022002
6 0.864640 0.381727 0.006332 0.014135
6 0.869300 0.376985 0.003189 0.010974
6 0.924806 0.382589 0.004751 0.010992
6 0.936556 0.387922 0.004760 0.012555
6 0.973307 0.392963 0.004778 0.015680
6 0.984344 0.410024 0.007940 0.021966
