6 0.200781 0.342187 0.073438 0.151562
6 0.429688 0.131250 0.034375 0.053125
6 0.478125 0.095312 0.021875 0.056250
9 0.354687 0.378125 0.390625 0.243750
6 0.394531 0.052344 0.009375 0.026562
6 0.385937 0.050781 0.010937 0.014063
6 0.457813 0.041406 0.009375 0.015625
6 0.510938 0.042969 0.007812 0.015625
6 0.523438 0.059375 0.007812 0.020313
6 0.530469 0.063281 0.012500 0.015625
6 0.534375 0.078906 0.012500 0.023438
8 0.692969 0.358594 0.285938 0.217188
8 0.910156 0.357031 0.179688 0.285938
4 0.336719 0.642969 0.146875 0.192188
2 0.296875 0.517188 0.056250 0.034375
5 0.364844 0.750000 0.351562 0.500000
3 0.785156 0.528125 0.120313 0.056250
4 0.764062 0.750781 0.353125 0.498437
5 0.775000 0.750000 0.450000 0.500000
5 0.621094 0.750000 0.142187 0.500000
