6 0.172656 0.276966 0.076563 0.175445
6 0.300000 0.138725 0.035937 0.092397
6 0.380469 0.074194 0.026562 0.065780
6 0.448437 0.046455 0.020313 0.051681
6 0.492969 0.030571 0.015625 0.046966
9 0.264844 0.310937 0.529687 0.337500
5 0.628125 0.295821 0.034375 0.089262
4 0.617188 0.258384 0.010937 0.011001
3 0.619531 0.267746 0.004687 0.009402
4 0.617188 0.283384 0.010937 0.023501
9 0.573438 0.099264 0.034375 0.018950
9 0.540625 0.096875 0.021875 0.018750
9 0.644531 0.154319 0.017188 0.018850
9 0.582031 0.156245 0.023438 0.015761
9 0.571094 0.162559 0.026562 0.018905
8 0.908594 0.218408 0.142187 0.118015
8 0.900000 0.425781 0.200000 0.107813
8 0.764844 0.244531 0.470313 0.470313
9 0.567969 0.171952 0.015625 0.012591
9 0.782813 0.153514 0.029687 0.025173
9 0.771875 0.168422 0.023438 0.018886
9 0.762500 0.170820 0.026562 0.012655
9 0.747656 0.167781 0.025000 0.015770
9 0.738281 0.174086 0.021875 0.007940
8 0.264844 0.739844 0.529687 0.520312
5 0.132031 0.492969 0.054688 0.026562
3 0.728125 0.516406 0.200000 0.073438
4 0.764844 0.565625 0.470313 0.171875
5 0.764844 0.571875 0.470313 0.184375
3 0.840625 0.908473 0.240625 0.167025
2 0.820312 0.702342 0.242188 0.104534
5 0.764844 0.819531 0.470313 0.360938
