6 0.126562 0.335156 0.038281 0.097656
6 0.325781 0.189062 0.019531 0.050781
6 0.467187 0.156250 0.017969 0.046094
6 0.564063 0.137500 0.010156 0.035937
6 0.601562 0.132031 0.006250 0.030469
6 0.626563 0.128125 0.006250 0.028906
6 0.865625 0.511719 0.086719 0.311719
6 0.673438 0.238281 0.033594 0.086719
6 0.735938 0.185156 0.017969 0.054688
6 0.763281 0.164062 0.013281 0.044531
6 0.782813 0.163281 0.010156 0.037500
6 0.792969 0.143750 0.010937 0.026562
6 0.785937 0.133594 0.010156 0.028125
6 0.645312 0.125781 0.007031 0.023438
6 0.678125 0.127344 0.006250 0.021875
6 0.021875 0.245312 0.013281 0.046875
6 0.146094 0.185156 0.014844 0.036719
6 0.258594 0.149219 0.011719 0.037500
6 0.341406 0.128906 0.010937 0.029687
6 0.408594 0.115625 0.007812 0.025000
6 0.092969 0.190625 0.010156 0.031250
6 0.175781 0.157812 0.010937 0.032813
6 0.245312 0.142969 0.009375 0.031250
6 0.466406 0.113281 0.010156 0.032813
9 0.500000 0.545312 1.000000 0.909375
