6 0.383594 0.072656 0.032813 0.092188
6 0.196875 0.033594 0.046875 0.067187
6 0.035937 0.012500 0.040625 0.025000
9 0.200000 0.180469 0.400000 0.317188
2 0.700000 0.241406 0.600000 0.195312
5 0.700000 0.216406 0.600000 0.245312
8 0.200000 0.669531 0.400000 0.660937
8 0.332031 0.742969 0.135937 0.476562
4 0.177036 0.516844 0.040961 0.058049
2 0.183004 0.468443 0.018895 0.025109
5 0.180852 0.501242 0.055251 0.097193
3 0.789046 0.817217 0.103707 0.100600
3 0.615945 0.739650 0.127335 0.133549
2 0.647485 0.655461 0.105024 0.058422
2 0.791494 0.700829 0.116089 0.080360
4 0.589844 0.875000 0.357812 0.250000
4 0.829688 0.921875 0.306250 0.156250
5 0.813281 0.827344 0.373437 0.345313
5 0.685156 0.791406 0.570312 0.417187
