6 0.004687 0.406250 0.009375 0.050000
6 0.003125 0.375781 0.006250 0.035937
6 0.463721 0.418750 0.044859 0.095312
6 0.373268 0.366406 0.032032 0.067187
6 0.301175 0.347656 0.024056 0.053125
6 0.254200 0.339062 0.020858 0.046875
6 0.190083 0.334375 0.022402 0.045312
6 0.104218 0.340625 0.017606 0.035937
6 0.023086 0.350781 0.014462 0.034375
9 0.049219 0.285156 0.098437 0.114062
9 0.264844 0.482812 0.529687 0.134375
2 0.902773 0.663281 0.143769 0.135937
4 0.928125 0.872656 0.143750 0.254688
5 0.910156 0.784375 0.179688 0.431250
