6 0.280469 0.241920 0.039062 0.091080
6 0.142187 0.213842 0.026562 0.069059
6 0.039844 0.180657 0.017188 0.045512
6 0.019531 0.160581 0.015625 0.040807
6 0.341406 0.104492 0.006250 0.018823
6 0.261719 0.110107 0.007812 0.021966
6 0.171094 0.116630 0.010937 0.023565
6 0.099219 0.120592 0.007812 0.018841
6 0.079687 0.194256 0.017188 0.056450
6 0.045312 0.123563 0.009375 0.023547
6 0.029687 0.115151 0.009375 0.021984
6 0.132812 0.109263 0.007812 0.021966
6 0.216406 0.106728 0.007812 0.020403
6 0.278125 0.104447 0.007812 0.018841
6 0.348438 0.098942 0.007812 0.017278
6 0.091406 0.179276 0.023438 0.087773
6 0.074219 0.180257 0.020313 0.086174
9 0.189844 0.371094 0.379688 0.235937
1 0.772656 0.424219 0.454688 0.129688
2 0.766406 0.217188 0.467187 0.175000
5 0.689844 0.303906 0.620313 0.370312
5 0.118750 0.936041 0.021875 0.047130
8 0.135937 0.931250 0.271875 0.137500
9 0.964063 0.572431 0.048438 0.031814
5 0.585938 0.547656 0.056250 0.117188
