6 0.619496 0.381238 0.050509 0.088082
6 0.566885 0.334536 0.028434 0.053452
6 0.608822 0.292058 0.022139 0.045567
6 0.559676 0.303985 0.022102 0.039317
6 0.103906 0.451562 0.051562 0.056250
6 0.179775 0.397214 0.037918 0.072311
6 0.246736 0.358933 0.028452 0.056577
6 0.290349 0.336005 0.023728 0.050273
6 0.353503 0.314866 0.025282 0.048728
6 0.440894 0.297134 0.020540 0.039299
6 0.525973 0.284844 0.017397 0.036137
6 0.604048 0.277159 0.018995 0.042406
9 0.636393 0.197072 0.111556 0.107541
9 0.506060 0.218992 0.164808 0.130034
9 0.354687 0.431250 0.709375 0.096875
2 0.643183 0.155748 0.011001 0.011065
3 0.643256 0.168248 0.006305 0.009448
4 0.646494 0.187816 0.020512 0.034611
5 0.651314 0.210526 0.041334 0.122348
1 0.777344 0.365625 0.135937 0.228125
5 0.854688 0.239844 0.290625 0.479687
8 0.354687 0.830469 0.709375 0.339062
0 0.424598 0.912569 0.026726 0.028434
3 0.429399 0.932154 0.012573 0.012645
4 0.434977 0.950968 0.033031 0.037882
5 0.431748 0.932963 0.042615 0.073928
7 0.854688 0.692187 0.290625 0.425000
5 0.854688 0.717187 0.290625 0.475000
5 0.854688 0.944531 0.290625 0.110937
