9 0.204687 0.200000 0.409375 0.400000
8 0.704688 0.200000 0.590625 0.400000
7 0.828906 0.246875 0.295312 0.306250
7 0.800781 0.295312 0.320312 0.209375
3 0.874151 0.063281 0.087755 0.043750
2 0.850000 0.014063 0.125000 0.028125
7 0.730951 0.157812 0.119405 0.112500
2 0.742202 0.077344 0.053252 0.021875
5 0.715226 0.140625 0.141552 0.159375
5 0.646094 0.305469 0.104688 0.189062
5 0.838281 0.200000 0.323437 0.400000
6 0.429688 0.776563 0.040625 0.121875
6 0.695682 0.647656 0.041098 0.081250
6 0.870341 0.589063 0.020622 0.053125
4 0.546949 0.462500 0.007931 0.020313
5 0.548557 0.470313 0.012827 0.056250
9 0.776563 0.828125 0.446875 0.343750
