6 0.521004 0.295473 0.015825 0.034466
6 0.384145 0.272050 0.017433 0.042287
6 0.247449 0.276751 0.022175 0.051690
6 0.089119 0.322986 0.039499 0.075227
6 0.540386 0.269578 0.009511 0.023492
9 0.232813 0.419531 0.465625 0.160938
6 0.485553 0.244896 0.009484 0.018805
6 0.451069 0.226346 0.009475 0.017242
9 0.475900 0.197295 0.029924 0.040798
4 0.135156 0.622656 0.226562 0.245312
4 0.471875 0.640625 0.156250 0.281250
5 0.169531 0.721094 0.339062 0.442188
5 0.416406 0.728125 0.267188 0.456250
7 0.864595 0.582410 0.041216 0.101799
7 0.909308 0.613401 0.069541 0.136337
7 0.827282 0.614659 0.060102 0.125345
7 0.779635 0.616499 0.039653 0.101790
7 0.754944 0.669770 0.074456 0.175427
7 0.701355 0.590391 0.045876 0.097139
7 0.676060 0.674135 0.071049 0.126972
7 0.640645 0.629808 0.028580 0.078289
7 0.596875 0.693750 0.093750 0.193750
0 0.571875 0.550781 0.043750 0.048438
0 0.641044 0.564179 0.018905 0.026672
0 0.662079 0.553900 0.036165 0.039272
0 0.671336 0.533533 0.020403 0.015743
0 0.695312 0.511719 0.025000 0.023438
0 0.732228 0.525366 0.045585 0.047139
0 0.761211 0.538479 0.017315 0.021975
0 0.823438 0.514844 0.034375 0.029687
0 0.884375 0.503125 0.015625 0.006250
0 0.895312 0.508594 0.037500 0.017188
3 0.891694 0.540063 0.015734 0.018841
3 0.830011 0.546672 0.015707 0.014153
3 0.758236 0.564278 0.011019 0.014126
3 0.731706 0.569901 0.020422 0.018868
3 0.695609 0.542767 0.015707 0.014153
3 0.648920 0.575071 0.006305 0.009411
3 0.659958 0.592195 0.014144 0.014144
3 0.570191 0.605998 0.018895 0.025109
5 0.876563 0.648438 0.075000 0.296875
5 0.909375 0.677344 0.106250 0.354687
5 0.829688 0.669531 0.112500 0.339062
5 0.779775 0.640718 0.054461 0.229997
5 0.747656 0.730469 0.117188 0.460938
5 0.704688 0.650781 0.065625 0.301563
5 0.672162 0.541341 0.020522 0.036056
5 0.644687 0.653223 0.041825 0.206486
5 0.673021 0.688997 0.090853 0.308331
5 0.559375 0.636719 0.018750 0.085938
5 0.602344 0.751563 0.104688 0.453125
