6 0.281250 0.399219 0.065625 0.060937
6 0.414844 0.395313 0.045312 0.068750
6 0.539844 0.392969 0.020313 0.064062
6 0.228906 0.307812 0.021875 0.037500
6 0.110156 0.307031 0.029687 0.053125
6 0.276562 0.306250 0.017188 0.034375
6 0.274219 0.290625 0.015625 0.032813
6 0.234375 0.279687 0.015625 0.031250
6 0.196094 0.266406 0.009375 0.021875
6 0.064062 0.266406 0.020313 0.035937
6 0.036719 0.272656 0.017188 0.035937
6 0.035937 0.253906 0.015625 0.029687
6 0.166406 0.253906 0.009375 0.018750
6 0.144531 0.248438 0.010937 0.018750
6 0.135937 0.245312 0.010937 0.018750
6 0.375781 0.274219 0.007812 0.017188
6 0.332813 0.266406 0.007812 0.015625
6 0.446875 0.287500 0.009375 0.020313
6 0.528906 0.301563 0.012500 0.021875
6 0.489844 0.288281 0.009375 0.018750
6 0.432812 0.280469 0.009375 0.018750
6 0.370312 0.268750 0.009375 0.017188
6 0.321094 0.261719 0.007812 0.018750
8 0.875000 0.284375 0.250000 0.290625
8 0.775000 0.229687 0.450000 0.400000
4 0.631250 0.192969 0.018750 0.034375
3 0.638281 0.164062 0.009375 0.012500
2 0.636719 0.147656 0.014063 0.015625
5 0.639844 0.183594 0.045312 0.089063
8 0.528125 0.508594 0.043750 0.154688
5 0.041406 0.892188 0.032813 0.087500
7 0.038281 0.886719 0.014063 0.032813
8 0.199219 0.714844 0.398438 0.570312
7 0.956250 0.531250 0.087500 0.203125
5 0.841406 0.714844 0.317188 0.570312
