6 0.158682 0.156871 0.025309 0.053416
6 0.101255 0.088239 0.011119 0.031377
6 0.572363 0.230430 0.037945 0.076999
6 0.031783 0.097586 0.011083 0.025127
6 0.087874 0.070896 0.009502 0.021984
6 0.125306 0.059614 0.009493 0.020422
6 0.498207 0.106138 0.015843 0.037682
6 0.447212 0.068828 0.011110 0.029815
6 0.409608 0.050423 0.009511 0.023547
6 0.161170 0.047532 0.006359 0.018823
6 0.217366 0.038812 0.006359 0.018823
6 0.279062 0.035624 0.006341 0.015698
6 0.362665 0.038159 0.006350 0.017260
6 0.258250 0.083816 0.014281 0.037664
6 0.308877 0.057844 0.009539 0.028234
6 0.256496 0.050985 0.009511 0.023547
6 0.187819 0.062685 0.009520 0.025109
5 0.327344 0.008594 0.007812 0.017188
9 0.313281 0.314844 0.504687 0.248438
8 0.810937 0.250000 0.221875 0.378125
2 0.384375 0.739062 0.631250 0.265625
5 0.350000 0.795312 0.700000 0.409375
4 0.793750 0.771875 0.187500 0.456250
0 0.827344 0.719531 0.254688 0.560937
9 0.850000 0.719531 0.300000 0.560937
