6 0.291406 0.483594 0.042188 0.096875
6 0.485156 0.385937 0.021875 0.056250
6 0.594531 0.357031 0.013281 0.041406
6 0.640625 0.342969 0.009375 0.032813
6 0.763281 0.492969 0.035937 0.105469
6 0.746094 0.409375 0.027344 0.065625
6 0.770312 0.368750 0.013281 0.035156
6 0.778125 0.351562 0.008594 0.025000
6 0.962500 0.375000 0.007812 0.035156
6 0.917188 0.355469 0.009375 0.025000
6 0.370312 0.347656 0.007031 0.025000
6 0.301563 0.351562 0.007812 0.025000
6 0.245312 0.353125 0.005469 0.023438
6 0.407813 0.332813 0.007812 0.021875
6 0.897656 0.342187 0.005469 0.018750
6 0.669531 0.335156 0.007812 0.020313
9 0.505469 0.731250 0.703906 0.537500
