6 0.034375 0.163945 0.064062 0.142560
9 0.317969 0.244531 0.542188 0.489063
8 0.324219 0.738281 0.529687 0.498437
5 0.068750 0.749465 0.073438 0.133240
6 0.207031 0.945312 0.089063 0.109375
7 0.057813 0.748620 0.034375 0.073637
5 0.843750 0.629727 0.045312 0.092451
4 0.846875 0.589901 0.010937 0.012564
3 0.847656 0.600062 0.004687 0.009402
4 0.852344 0.615714 0.014063 0.025082
9 0.802344 0.494531 0.020313 0.010937
9 0.876563 0.492969 0.028125 0.007812
8 0.971875 0.550781 0.056250 0.123438
8 0.607812 0.601562 0.037500 0.134375
8 0.655469 0.875000 0.132812 0.250000
8 0.794531 0.682031 0.410938 0.385937
9 0.882031 0.495312 0.017188 0.012500
9 0.664062 0.514619 0.031250 0.028307
9 0.676562 0.527973 0.026562 0.020467
9 0.688281 0.528822 0.028125 0.015789
9 0.702344 0.522654 0.026562 0.018905
9 0.712500 0.528182 0.023438 0.011074
