6 0.502344 0.377344 0.032813 0.145313
6 0.400000 0.037439 0.023438 0.051835
6 0.224219 0.026562 0.029687 0.053125
6 0.447656 0.016572 0.012500 0.031395
9 0.163281 0.239844 0.326562 0.420312
8 0.682031 0.353906 0.326562 0.192188
8 0.259375 0.725000 0.518750 0.550000
2 0.882812 0.476562 0.090625 0.053125
2 0.725000 0.472656 0.128125 0.045312
2 0.578906 0.490625 0.120313 0.081250
4 0.734375 0.675067 0.217188 0.316590
4 0.879687 0.553064 0.132812 0.065608
4 0.968750 0.757812 0.062500 0.287500
4 0.622656 0.732812 0.207813 0.346875
5 0.642188 0.725000 0.246875 0.550000
5 0.739844 0.725000 0.370312 0.550000
5 0.862500 0.703125 0.193750 0.506250
5 0.925781 0.745313 0.148438 0.509375
5 0.979688 0.760156 0.040625 0.479687
