6 0.151457 0.205635 0.017433 0.042387
6 0.083629 0.315009 0.034848 0.081650
6 0.360938 0.200000 0.015625 0.040625
6 0.160237 0.173703 0.012645 0.025145
6 0.314171 0.170807 0.012682 0.031395
6 0.302570 0.150358 0.006377 0.021948
6 0.320593 0.141192 0.006377 0.021948
6 0.287699 0.154873 0.007958 0.025091
6 0.230777 0.135459 0.004797 0.018805
6 0.224495 0.140855 0.006359 0.018823
6 0.187735 0.147459 0.006359 0.018823
6 0.038571 0.136348 0.006359 0.018823
6 0.034628 0.142552 0.006341 0.015698
6 0.067414 0.147622 0.006368 0.020385
6 0.122914 0.142798 0.006341 0.015698
0 0.720097 0.197214 0.064481 0.072620
0 0.510377 0.119769 0.099165 0.126145
0 0.837352 0.455627 0.028325 0.034702
4 0.848437 0.504687 0.053125 0.050000
5 0.846094 0.482812 0.060937 0.093750
5 0.713281 0.343750 0.139063 0.371875
5 0.512500 0.292187 0.287500 0.475000
4 0.529313 0.356724 0.198857 0.342916
4 0.707392 0.366609 0.094950 0.207341
4 0.829950 0.116456 0.015843 0.037682
0 0.831685 0.086786 0.012591 0.015770
5 0.833715 0.140720 0.031995 0.128489
8 0.184375 0.669531 0.368750 0.279687
6 0.525872 0.586757 0.015889 0.045494
6 0.743918 0.576012 0.022166 0.050255
6 0.993750 0.617969 0.012500 0.070312
9 0.684375 0.764844 0.631250 0.470313
