6 0.361719 0.485591 0.068750 0.139462
6 0.234375 0.228600 0.032813 0.050191
6 0.204687 0.180771 0.020313 0.051681
9 0.176563 0.439844 0.353125 0.320312
6 0.106250 0.126292 0.012500 0.026635
6 0.290625 0.172677 0.009375 0.025055
6 0.299219 0.174290 0.010937 0.014126
6 0.240625 0.141917 0.009375 0.015680
6 0.193750 0.125238 0.007812 0.015670
6 0.177344 0.136080 0.007812 0.018795
6 0.170313 0.136040 0.012500 0.014135
6 0.162500 0.148494 0.012500 0.021948
6 0.144531 0.117921 0.007812 0.014108
6 0.141406 0.112434 0.004687 0.010965
6 0.088281 0.102750 0.004687 0.009402
6 0.076563 0.104244 0.006250 0.010974
6 0.041406 0.099352 0.006250 0.014099
6 0.026562 0.110985 0.009375 0.020367
6 0.632812 0.144978 0.053125 0.081559
6 0.804688 0.123321 0.028125 0.053289
6 0.942187 0.144434 0.025000 0.036083
6 0.998437 0.108594 0.003125 0.020313
9 0.786719 0.363281 0.414062 0.473438
2 0.322656 0.857031 0.514062 0.285938
5 0.289844 0.838281 0.579688 0.323437
0 0.700000 0.783469 0.068750 0.075400
0 0.898438 0.754936 0.109375 0.127199
5 0.674219 0.869531 0.189062 0.260937
5 0.825781 0.835938 0.348438 0.328125
4 0.838281 0.896094 0.232813 0.207813
4 0.681250 0.917188 0.118750 0.165625
4 0.616406 0.692358 0.020313 0.036056
0 0.620313 0.665818 0.015625 0.015716
5 0.609375 0.713411 0.048438 0.117469
