6 0.021669 0.281748 0.026899 0.057967
6 0.301230 0.301996 0.029978 0.050173
6 0.264770 0.257679 0.014372 0.053207
6 0.154868 0.214569 0.011092 0.026626
6 0.352393 0.236076 0.007958 0.025045
6 0.360982 0.236807 0.011010 0.012564
6 0.296284 0.212184 0.007894 0.014108
6 0.246352 0.200756 0.006341 0.015661
6 0.230654 0.213347 0.006368 0.020349
6 0.222832 0.214955 0.012582 0.014135
6 0.215719 0.229059 0.011065 0.021939
6 0.194794 0.200275 0.006332 0.014099
6 0.190134 0.195615 0.003189 0.010956
6 0.133906 0.192036 0.003189 0.010956
6 0.122946 0.196006 0.004760 0.012527
6 0.084674 0.194666 0.004778 0.015652
6 0.071306 0.209587 0.006377 0.021911
6 0.035169 0.244171 0.011110 0.029751
8 0.974219 0.303125 0.051562 0.187500
8 0.570312 0.264844 0.203125 0.329688
8 0.822656 0.336719 0.298438 0.185938
8 0.749935 0.128441 0.090517 0.250518
7 0.773222 0.288456 0.014199 0.023519
5 0.774789 0.287666 0.017360 0.029787
0 0.779527 0.279045 0.006305 0.009411
8 0.690625 0.400000 0.265625 0.059375
0 0.883569 0.255003 0.006295 0.007849
0 0.874204 0.253495 0.006286 0.006286
0 0.891391 0.253395 0.007849 0.006295
0 0.905354 0.270501 0.006295 0.007849
7 0.904513 0.280662 0.012573 0.012573
7 0.890519 0.269025 0.012618 0.020385
7 0.883515 0.264378 0.004742 0.009402
7 0.873372 0.262093 0.009430 0.009430
5 0.874172 0.258964 0.011047 0.018814
5 0.882761 0.259695 0.007922 0.018795
5 0.892104 0.265109 0.014244 0.031332
5 0.905313 0.277532 0.014208 0.025082
6 0.053187 0.571751 0.034757 0.065825
6 0.309542 0.552292 0.020622 0.053243
6 0.437662 0.552328 0.019005 0.043859
9 0.234375 0.798438 0.468750 0.403125
5 0.147656 0.439063 0.017188 0.018750
3 0.492188 0.796094 0.046875 0.220312
0 0.556250 0.546875 0.175000 0.234375
7 0.603125 0.899219 0.268750 0.201563
5 0.620313 0.714844 0.303125 0.570312
