6 0.043344 0.285249 0.017415 0.039262
6 0.234047 0.274186 0.017406 0.037700
6 0.337626 0.331645 0.026926 0.062809
6 0.560937 0.510156 0.056250 0.129688
6 0.049763 0.256416 0.011065 0.022002
9 0.294531 0.585938 0.589063 0.228125
6 0.481967 0.231755 0.012691 0.032958
6 0.339084 0.215248 0.007958 0.025091
6 0.275839 0.208262 0.006350 0.017260
6 0.241482 0.204737 0.004760 0.012555
6 0.188880 0.248659 0.011110 0.029815
6 0.178047 0.230563 0.004797 0.018805
6 0.194507 0.221379 0.006368 0.020385
6 0.163957 0.235087 0.007940 0.021966
6 0.112481 0.219643 0.004787 0.017242
6 0.106985 0.224267 0.004787 0.017242
6 0.074131 0.230916 0.004778 0.015680
6 0.014761 0.229444 0.006341 0.015698
9 0.929688 0.500000 0.140625 0.165625
0 0.809837 0.273088 0.061528 0.102272
3 0.782280 0.309489 0.022239 0.062755
0 0.732298 0.305782 0.029978 0.050345
7 0.740164 0.430882 0.060366 0.171003
7 0.790582 0.493973 0.118896 0.295114
5 0.792188 0.412500 0.146875 0.575000
5 0.744531 0.457031 0.101562 0.485938
5 0.392969 0.850000 0.392188 0.300000
