6 0.012500 0.235156 0.025000 0.089063
6 0.133082 0.204063 0.038009 0.087718
6 0.264137 0.169706 0.025382 0.065770
6 0.355469 0.132812 0.007812 0.043750
6 0.069046 0.074744 0.006359 0.018786
6 0.022167 0.074235 0.006350 0.017224
6 0.144837 0.075866 0.007931 0.020358
6 0.232350 0.077700 0.011065 0.021939
6 0.301891 0.078858 0.006350 0.017224
6 0.323385 0.147485 0.017497 0.053225
6 0.353453 0.078558 0.007940 0.021920
6 0.269024 0.069674 0.007931 0.020358
6 0.189336 0.070138 0.007922 0.018795
6 0.129189 0.072050 0.007922 0.018795
6 0.061983 0.069316 0.007912 0.017233
6 0.010425 0.070397 0.006359 0.018786
6 0.311589 0.134272 0.023928 0.084511
6 0.327990 0.133396 0.019232 0.082922
9 0.179688 0.248438 0.359375 0.062500
5 0.667188 0.139844 0.325000 0.279687
9 0.015625 0.635156 0.031250 0.026562
8 0.271700 0.616077 0.028307 0.031414
9 0.243648 0.628741 0.031414 0.028307
3 0.306452 0.680721 0.007876 0.010983
0 0.306338 0.661189 0.018941 0.032922
5 0.300647 0.757320 0.040372 0.225227
4 0.162525 0.651088 0.025327 0.056395
0 0.160712 0.608129 0.015743 0.020403
5 0.161994 0.694062 0.041761 0.195549
5 0.626563 0.639844 0.534375 0.720313
4 0.610156 0.772656 0.370312 0.454688
1 0.624806 0.438475 0.196712 0.241761
