6 0.076563 0.382812 0.034375 0.012500
6 0.007031 0.346875 0.014063 0.034375
6 0.514062 0.370312 0.053125 0.037500
6 0.025435 0.312651 0.012636 0.023510
6 0.416237 0.284455 0.023674 0.040761
6 0.357021 0.256766 0.017378 0.032912
6 0.314902 0.244801 0.012645 0.025073
6 0.059928 0.292539 0.011065 0.021939
6 0.115515 0.272549 0.009493 0.020367
6 0.178892 0.256511 0.011047 0.018814
6 0.264134 0.242162 0.009484 0.018805
6 0.166073 0.311125 0.022111 0.040752
6 0.213171 0.273117 0.015798 0.029778
6 0.158456 0.277486 0.014208 0.025082
6 0.090338 0.302872 0.015780 0.026653
4 0.219835 0.202059 0.009484 0.018805
5 0.221370 0.206756 0.015870 0.042278
8 0.289844 0.694531 0.579688 0.610938
5 0.456250 0.925000 0.075000 0.150000
7 0.453904 0.939119 0.042642 0.078370
3 0.447931 0.891427 0.012591 0.015698
0 0.444152 0.869529 0.023592 0.026699
5 0.711831 0.669832 0.055406 0.123756
4 0.706435 0.657300 0.028407 0.048601
0 0.693358 0.622067 0.011001 0.011001
