6 0.333655 0.262839 0.019241 0.042406
6 0.403567 0.363575 0.039990 0.080142
6 0.131229 0.272225 0.019223 0.040843
6 0.025723 0.343756 0.030451 0.065970
6 0.323072 0.232498 0.012773 0.023583
9 0.250000 0.614062 0.500000 0.290625
6 0.013869 0.221254 0.008122 0.026653
6 0.080430 0.207200 0.008031 0.018841
6 0.115668 0.199760 0.004833 0.012555
6 0.175343 0.240466 0.012864 0.031395
6 0.185735 0.220035 0.006486 0.020385
6 0.167076 0.212441 0.006505 0.021948
6 0.199752 0.223778 0.009648 0.023547
6 0.253922 0.200495 0.006468 0.018823
6 0.260118 0.205109 0.006468 0.018823
6 0.295219 0.209388 0.006450 0.017260
6 0.485245 0.191554 0.006432 0.015698
6 0.437625 0.188983 0.006450 0.017260
6 0.441468 0.194407 0.007994 0.015716
6 0.410136 0.201801 0.008049 0.020403
6 0.357810 0.200848 0.007994 0.015716
8 0.741406 0.379688 0.482812 0.759375
2 0.679821 0.143155 0.031668 0.036301
4 0.676868 0.195526 0.059793 0.036628
5 0.675615 0.168982 0.082268 0.088445
4 0.450000 0.867188 0.100000 0.212500
3 0.407031 0.767188 0.026562 0.015625
5 0.376563 0.879687 0.246875 0.240625
9 0.750000 0.879687 0.500000 0.240625
