6 0.381250 0.319531 0.054688 0.098437
6 0.159375 0.328906 0.045312 0.090625
6 0.077344 0.242969 0.020313 0.045312
6 0.206250 0.219531 0.018750 0.042188
6 0.359375 0.194531 0.018750 0.040625
6 0.479687 0.171875 0.017188 0.034375
6 0.059375 0.232031 0.015625 0.037500
6 0.329688 0.185938 0.014063 0.034375
6 0.443750 0.168750 0.015625 0.034375
9 0.244531 0.546094 0.489063 0.485938
3 0.682031 0.628906 0.190625 0.195312
4 0.831250 0.684375 0.337500 0.190625
5 0.744531 0.458594 0.510938 0.660937
3 0.073438 0.839844 0.146875 0.101562
4 0.203125 0.929688 0.406250 0.140625
5 0.225781 0.894531 0.451562 0.210938
