6 0.129840 0.250743 0.022093 0.037627
6 0.268785 0.271864 0.018968 0.037609
6 0.346038 0.287939 0.014253 0.032894
6 0.350798 0.275467 0.011128 0.032876
6 0.278333 0.242232 0.009539 0.028180
6 0.223009 0.216909 0.011083 0.025064
6 0.400543 0.453887 0.039608 0.093977
6 0.434375 0.386719 0.009375 0.057813
6 0.435937 0.285156 0.006250 0.029687
6 0.429672 0.281395 0.006423 0.029724
6 0.421792 0.293068 0.007958 0.025045
6 0.186400 0.197945 0.011065 0.021939
6 0.202842 0.191791 0.006350 0.017224
9 0.117188 0.458594 0.234375 0.282813
9 0.206903 0.165251 0.033040 0.039253
3 0.925000 0.463281 0.150000 0.229687
1 0.696875 0.362500 0.515625 0.443750
2 0.689844 0.064062 0.501563 0.128125
2 0.965625 0.118750 0.068750 0.237500
5 0.859375 0.300000 0.281250 0.600000
5 0.709375 0.300000 0.540625 0.600000
4 0.894420 0.726442 0.195132 0.238627
3 0.839844 0.607812 0.089063 0.015625
5 0.826562 0.800000 0.346875 0.400000
