9 0.214844 0.284375 0.429688 0.568750
0 0.540330 0.315764 0.094405 0.057341
0 0.735961 0.290692 0.072548 0.058649
0 0.613994 0.364283 0.041116 0.042660
0 0.882002 0.095490 0.097893 0.088627
3 0.905693 0.141084 0.056723 0.041280
3 0.753521 0.326058 0.029960 0.023783
3 0.603456 0.396978 0.025291 0.025291
3 0.541556 0.344688 0.051926 0.031850
7 0.503906 0.454688 0.148438 0.140625
4 0.590466 0.439020 0.069477 0.063300
4 0.768364 0.393427 0.109322 0.130942
4 0.966406 0.181250 0.067187 0.262500
5 0.901563 0.278125 0.196875 0.534375
5 0.560937 0.417969 0.262500 0.301563
5 0.586887 0.410849 0.104761 0.141825
5 0.743750 0.410938 0.221875 0.315625
5 0.214844 0.789062 0.429688 0.421875
1 0.326562 0.932031 0.206250 0.135937
2 0.275000 0.692969 0.309375 0.201563
8 0.643750 0.809375 0.428125 0.381250
5 0.529802 0.884114 0.027108 0.047184
