0 0.560463 0.167187 0.218424 0.212500
0 0.953906 0.257031 0.092188 0.214062
0 0.665625 0.400781 0.162500 0.057813
0 0.945312 0.382031 0.109375 0.095312
5 0.846094 0.029687 0.248438 0.059375
0 0.645351 0.347656 0.169568 0.140625
4 0.634123 0.263281 0.114844 0.134375
4 0.777344 0.314844 0.201563 0.229687
2 0.751833 0.173437 0.113136 0.109375
3 0.835917 0.223438 0.045603 0.050000
5 0.949219 0.101562 0.101562 0.203125
4 0.964844 0.070312 0.070312 0.140625
5 0.718750 0.392969 0.331250 0.073438
5 0.591304 0.237500 0.264182 0.289062
5 0.788281 0.255469 0.367188 0.348438
5 0.954688 0.255469 0.090625 0.220312
8 0.162500 0.781250 0.325000 0.437500
3 0.529687 0.589063 0.200000 0.150000
4 0.593750 0.659375 0.328125 0.281250
5 0.714844 0.627344 0.570312 0.395313
2 0.510938 0.828906 0.162500 0.135937
5 0.672656 0.860156 0.485938 0.279687
