8 0.729688 0.264844 0.540625 0.529687
6 0.098006 0.780879 0.054252 0.097184
6 0.317610 0.788407 0.044786 0.089317
6 0.396279 0.701370 0.019277 0.045422
6 0.268699 0.680317 0.019241 0.042297
6 0.115310 0.656770 0.017660 0.040725
6 0.414902 0.690542 0.016043 0.036028
6 0.144107 0.647563 0.014462 0.034457
6 0.030653 0.632060 0.016025 0.034466
9 0.229687 0.889062 0.459375 0.221875
0 0.542188 0.650781 0.165625 0.195312
2 0.681118 0.921587 0.011065 0.011001
2 0.735696 0.912530 0.012664 0.014135
2 0.748360 0.926665 0.011065 0.011001
4 0.676104 0.960617 0.022311 0.037627
4 0.726740 0.948413 0.016025 0.034466
4 0.747988 0.961817 0.023856 0.036074
5 0.743750 0.959375 0.043750 0.081250
5 0.729746 0.938275 0.028907 0.067351
5 0.700186 0.949040 0.035284 0.078325
4 0.698624 0.949030 0.025491 0.042333
4 0.675000 0.956250 0.037500 0.087500
7 0.585156 0.907813 0.251563 0.184375
3 0.513281 0.824219 0.107813 0.101562
5 0.600000 0.764844 0.281250 0.470313
