9 0.804688 0.075000 0.390625 0.150000
6 0.229687 0.589436 0.043750 0.078380
6 0.391406 0.526315 0.021875 0.051690
6 0.528906 0.513833 0.020313 0.034493
6 0.580469 0.464915 0.010937 0.020376
6 0.595313 0.458751 0.006250 0.015661
4 0.081250 0.422166 0.009375 0.018805
5 0.083594 0.429211 0.014063 0.054769
9 0.352344 0.788281 0.514062 0.423438
9 0.596875 0.434375 0.025000 0.037500
6 0.874219 0.452241 0.017188 0.037600
6 0.775781 0.515731 0.026562 0.061092
9 0.804688 0.822656 0.390625 0.354687
6 0.625000 0.427354 0.014063 0.032894
6 0.764844 0.400824 0.007812 0.025045
6 0.827344 0.389469 0.007812 0.017233
6 0.860938 0.383414 0.004687 0.012527
6 0.916406 0.422799 0.010937 0.029751
6 0.926562 0.404890 0.006250 0.018786
6 0.909375 0.396977 0.006250 0.020349
6 0.939844 0.408873 0.007812 0.021920
6 0.989844 0.389633 0.006250 0.017224
6 0.996094 0.393575 0.006250 0.017224
