4 0.158062 0.175781 0.122276 0.168750
2 0.105054 0.051562 0.047511 0.054688
5 0.196875 0.190625 0.278125 0.337500
8 0.750000 0.179688 0.500000 0.359375
8 0.575000 0.179688 0.150000 0.359375
5 0.837123 0.254688 0.097294 0.170313
4 0.851694 0.231250 0.021076 0.065625
6 0.432044 0.538281 0.047911 0.089063
6 0.228656 0.515625 0.038464 0.082812
6 0.062858 0.500781 0.035157 0.067187
6 0.038711 0.439844 0.016170 0.046875
6 0.165101 0.425000 0.017660 0.040625
6 0.284596 0.421875 0.016061 0.037500
6 0.429118 0.421094 0.016043 0.035937
6 0.017363 0.417969 0.016007 0.032813
6 0.149331 0.412500 0.014444 0.032813
6 0.403982 0.409375 0.012864 0.031250
9 0.250000 0.775000 0.500000 0.450000
