3 0.147901 0.019843 0.059739 0.031595
4 0.092188 0.036719 0.184375 0.073438
5 0.124219 0.141406 0.248438 0.282813
8 0.836625 0.322895 0.174857 0.257250
8 0.822656 0.585156 0.135937 0.289062
6 0.071094 0.980469 0.039062 0.039062
6 0.284971 0.928672 0.017624 0.037600
6 0.410552 0.945128 0.025618 0.053270
6 0.234299 0.919592 0.014481 0.036019
6 0.239950 0.903935 0.012900 0.034448
6 0.283772 0.897431 0.012864 0.031323
6 0.326051 0.889373 0.006505 0.021911
6 0.464877 0.908876 0.019168 0.036047
6 0.487500 0.918750 0.003125 0.037500
6 0.359744 0.880584 0.009593 0.018805
6 0.382428 0.878108 0.009593 0.018805
6 0.393402 0.874920 0.009593 0.018805
6 0.134854 0.872518 0.006468 0.018786
6 0.181756 0.869901 0.006432 0.015661
6 0.056701 0.875316 0.008049 0.020358
6 0.012225 0.870888 0.006468 0.018786
6 0.073162 0.870533 0.008031 0.018795
6 0.141176 0.866231 0.006450 0.017224
6 0.194301 0.865922 0.006468 0.018786
8 0.851562 0.840625 0.296875 0.221875
8 0.639844 0.864844 0.301563 0.270313
2 0.935462 0.779022 0.012682 0.015698
7 0.912614 0.795560 0.028561 0.037664
5 0.919591 0.800206 0.044441 0.059630
