5 0.090625 0.183594 0.181250 0.367188
4 0.928906 0.178125 0.142187 0.356250
4 0.856250 0.117969 0.090625 0.235937
4 0.703906 0.068750 0.145313 0.137500
4 0.532031 0.057813 0.154688 0.115625
5 0.473438 0.194531 0.146875 0.389062
5 0.542969 0.194531 0.282813 0.389062
5 0.723437 0.194531 0.256250 0.389062
5 0.840625 0.194531 0.221875 0.389062
5 0.888281 0.194531 0.223438 0.389062
9 0.200000 0.694531 0.400000 0.610938
8 0.700000 0.835156 0.600000 0.329688
8 0.896875 0.903125 0.206250 0.193750
2 0.784897 0.841422 0.017442 0.021975
3 0.781536 0.861717 0.012609 0.009448
4 0.778247 0.875761 0.030160 0.040798
5 0.782031 0.914844 0.064062 0.170313
