0 0.491406 0.392188 0.067187 0.051562
2 0.465625 0.264844 0.059375 0.032813
2 0.220312 0.010156 0.100000 0.020313
4 0.501563 0.335156 0.084375 0.098437
4 0.234375 0.069531 0.162500 0.139063
3 0.223438 0.037500 0.067187 0.028125
3 0.460156 0.282813 0.031250 0.018750
5 0.487500 0.371875 0.203125 0.253125
5 0.232031 0.157812 0.273438 0.315625
5 0.794531 0.279687 0.410938 0.559375
4 0.735938 0.307031 0.293750 0.504687
1 0.771094 0.037500 0.229687 0.075000
6 0.388281 0.600000 0.067187 0.081250
9 0.294531 0.779687 0.589063 0.440625
5 0.930469 0.625000 0.139063 0.131250
5 0.652344 0.779687 0.126562 0.440625
