5 0.325781 0.101562 0.285938 0.203125
1 0.807813 0.062500 0.384375 0.125000
4 0.734375 0.267969 0.531250 0.401562
5 0.734375 0.234375 0.531250 0.468750
8 0.234375 0.734375 0.468750 0.531250
4 0.036894 0.906789 0.051917 0.061537
2 0.044402 0.854536 0.025100 0.017478
3 0.044506 0.872504 0.020403 0.015861
5 0.038281 0.920312 0.076563 0.159375
0 0.833917 0.569038 0.080197 0.088427
2 0.691327 0.900950 0.059848 0.081941
4 0.874711 0.732783 0.106024 0.230906
3 0.695511 0.948652 0.031459 0.036301
3 0.835816 0.626869 0.033012 0.034757
4 0.674219 0.975781 0.117188 0.048438
5 0.676562 0.927344 0.159375 0.145313
5 0.869531 0.754687 0.220312 0.490625
