4 0.198394 0.352232 0.218397 0.210340
4 0.386719 0.031250 0.176563 0.062500
3 0.278181 0.234108 0.025155 0.026853
0 0.231842 0.192457 0.144141 0.068860
5 0.406250 0.128906 0.334375 0.257812
5 0.261719 0.380469 0.414062 0.476562
7 0.945312 0.094531 0.109375 0.189062
5 0.913281 0.309375 0.173437 0.618750
0 0.371094 0.739062 0.398438 0.240625
3 0.447656 0.946875 0.154688 0.106250
5 0.328125 0.809375 0.603125 0.381250
2 0.819531 0.652344 0.114062 0.067187
3 0.810007 0.684817 0.067651 0.080469
7 0.792039 0.819410 0.161175 0.311229
5 0.812500 0.809375 0.365625 0.381250
