5 0.128125 0.051562 0.256250 0.103125
8 0.939063 0.125000 0.121875 0.250000
9 0.824153 0.217804 0.100273 0.047457
2 0.758442 0.203342 0.009430 0.009430
5 0.759319 0.219744 0.019005 0.043859
6 0.737471 0.224559 0.012700 0.034448
6 0.812462 0.222560 0.012700 0.034448
6 0.668299 0.286682 0.015880 0.043841
8 0.697656 0.204687 0.117188 0.168750
8 0.432812 0.582031 0.115625 0.064062
8 0.226846 0.616114 0.088045 0.094259
8 0.109375 0.585938 0.043750 0.071875
9 0.020313 0.560156 0.031250 0.020313
0 0.839844 0.976562 0.170313 0.046875
