5 0.154688 0.125781 0.309375 0.251563
0 0.985938 0.014844 0.028125 0.029687
0 0.699219 0.063239 0.028125 0.040789
7 0.710938 0.135827 0.040625 0.092424
3 0.701562 0.093694 0.010937 0.015689
5 0.713281 0.185032 0.068750 0.292587
3 0.990625 0.045918 0.012500 0.017260
7 0.986719 0.101562 0.026562 0.121875
5 0.981250 0.146094 0.037500 0.292187
8 0.064844 0.578125 0.129688 0.437500
8 0.061719 0.724219 0.123438 0.551562
7 0.602344 0.706250 0.445312 0.587500
5 0.632812 0.679688 0.546875 0.640625
3 0.639844 0.421875 0.051562 0.125000
