5 0.146875 0.060937 0.293750 0.121875
1 0.621875 0.140625 0.406250 0.218750
5 0.709375 0.125000 0.581250 0.250000
8 0.203125 0.625000 0.406250 0.750000
9 0.989844 0.418750 0.020313 0.046875
9 0.976562 0.408594 0.046875 0.064062
9 0.820312 0.474995 0.043750 0.039572
9 0.692187 0.502267 0.064062 0.047620
9 0.698438 0.475631 0.040625 0.034848
9 0.717187 0.497288 0.048438 0.045876
9 0.602344 0.509562 0.056250 0.050655
9 0.455469 0.519865 0.057813 0.053798
8 0.932813 0.643217 0.109375 0.140335
8 0.547656 0.788281 0.257812 0.254688
8 0.926562 0.359696 0.026562 0.034684
9 0.871875 0.379082 0.026562 0.023747
9 0.853125 0.376175 0.023438 0.025273
9 0.814844 0.365683 0.010937 0.022002
9 0.828906 0.370988 0.029687 0.025345
