4 0.533594 0.046875 0.151562 0.093750
5 0.476562 0.146094 0.265625 0.292187
8 0.804688 0.300000 0.390625 0.600000
5 0.968750 0.134375 0.062500 0.268750
7 0.979688 0.071094 0.040625 0.142187
7 0.671875 0.385937 0.125000 0.362500
0 0.674987 0.159140 0.077081 0.089508
5 0.753906 0.353125 0.289062 0.493750
0 0.105002 0.740472 0.079978 0.050464
0 0.365245 0.756829 0.094068 0.055233
0 0.052636 0.736261 0.043868 0.020567
0 0.034562 0.718188 0.028216 0.015789
3 0.048857 0.758114 0.012573 0.012573
3 0.120882 0.784313 0.039199 0.023665
3 0.364709 0.799012 0.039190 0.022102
7 0.376156 0.886576 0.132241 0.171076
7 0.084722 0.880193 0.157332 0.186847
7 0.007812 0.765625 0.015625 0.062500
4 0.026223 0.761888 0.022075 0.034502
4 0.042825 0.795577 0.062909 0.070676
5 0.010937 0.798438 0.021875 0.184375
5 0.030366 0.802536 0.057332 0.186265
5 0.046549 0.764350 0.053570 0.076872
5 0.086719 0.854688 0.173437 0.290625
5 0.387500 0.864844 0.181250 0.270313
