4 0.288281 0.021875 0.245312 0.043750
5 0.248438 0.126562 0.346875 0.253125
9 0.759375 0.194531 0.481250 0.389062
8 0.139844 0.648438 0.279687 0.518750
0 0.125540 0.621717 0.049001 0.049001
0 0.168482 0.618873 0.034830 0.039462
0 0.211150 0.592592 0.049019 0.050564
0 0.317128 0.635114 0.031686 0.037864
0 0.340938 0.599676 0.034811 0.037900
0 0.380946 0.680472 0.036283 0.030106
3 0.219417 0.631563 0.014244 0.015789
3 0.159479 0.651013 0.020549 0.020549
3 0.128402 0.666221 0.022148 0.023692
7 0.083753 0.723779 0.089336 0.158831
7 0.149215 0.708953 0.063936 0.124165
7 0.199160 0.703684 0.084412 0.138464
7 0.280420 0.770716 0.041607 0.084848
7 0.322053 0.722569 0.079979 0.160284
7 0.372644 0.772768 0.059522 0.147548
7 0.501563 0.763281 0.034375 0.160938
5 0.479687 0.808594 0.078125 0.382812
5 0.366058 0.811131 0.092535 0.299474
5 0.319531 0.786719 0.148438 0.426563
5 0.284590 0.793327 0.115137 0.362228
5 0.193001 0.778766 0.139357 0.429689
5 0.137615 0.786442 0.104491 0.387101
5 0.082031 0.796094 0.148438 0.407813
1 0.841406 0.794531 0.317188 0.379688
2 0.807031 0.514062 0.385937 0.250000
4 0.759375 0.901563 0.481250 0.196875
5 0.759375 0.694531 0.481250 0.610938
