4 0.221875 0.075000 0.218750 0.150000
5 0.263281 0.207031 0.335938 0.414062
8 0.842187 0.107031 0.234375 0.214062
8 0.809375 0.244531 0.381250 0.489063
2 0.836889 0.071096 0.014262 0.017269
3 0.837452 0.089850 0.012664 0.014135
5 0.832482 0.114042 0.052817 0.108112
4 0.841004 0.120342 0.020822 0.043868
0 0.647656 0.632031 0.057813 0.057813
0 0.749871 0.600947 0.036228 0.025209
0 0.686344 0.621673 0.047184 0.026835
0 0.895946 0.603360 0.039353 0.025227
0 0.944820 0.566142 0.036228 0.025209
0 0.907102 0.584674 0.036192 0.022084
0 0.702968 0.603019 0.028343 0.018914
3 0.889487 0.621292 0.011047 0.009439
1 0.756711 0.617395 0.017351 0.014162
3 0.693130 0.642808 0.014226 0.014144
3 0.632031 0.676562 0.026562 0.028125
7 0.689063 0.766406 0.140625 0.201563
7 0.749352 0.645479 0.052326 0.065925
7 0.928695 0.609020 0.031559 0.026744
7 0.967594 0.623309 0.058703 0.076899
4 0.921100 0.657416 0.066607 0.084757
4 0.714986 0.644497 0.025418 0.036083
4 0.702868 0.678804 0.071185 0.075409
5 0.959375 0.649219 0.081250 0.198437
5 0.925715 0.663693 0.083395 0.184848
5 0.919265 0.680845 0.088156 0.191125
5 0.763832 0.676815 0.105307 0.188100
5 0.715304 0.684346 0.078726 0.186383
5 0.696182 0.649076 0.061883 0.081605
5 0.717969 0.794531 0.198437 0.410938
