8 0.287500 0.392969 0.559375 0.332813
8 0.231250 0.279687 0.462500 0.559375
1 0.829688 0.221875 0.340625 0.312500
4 0.829688 0.429688 0.340625 0.259375
5 0.829688 0.279687 0.340625 0.559375
8 0.329688 0.779687 0.659375 0.440625
8 0.167187 0.779687 0.334375 0.440625
4 0.441608 0.746063 0.081823 0.099383
2 0.429335 0.650615 0.026662 0.017497
3 0.434272 0.693638 0.022002 0.022130
5 0.437856 0.772580 0.123439 0.270168
8 0.800781 0.779687 0.282813 0.440625
4 0.682813 0.665625 0.046875 0.062500
2 0.668750 0.610938 0.018750 0.018750
3 0.668750 0.630469 0.018750 0.017188
5 0.688281 0.700000 0.057813 0.206250
