8 0.542188 0.244531 0.215625 0.489063
8 0.310156 0.338281 0.620313 0.301563
5 0.141268 0.415035 0.049310 0.075282
2 0.134791 0.395468 0.030015 0.028298
9 0.689844 0.129688 0.079687 0.131250
9 0.667188 0.117969 0.034375 0.129688
5 0.572656 0.743750 0.154688 0.509375
5 0.257812 0.735938 0.315625 0.493750
5 0.176563 0.744531 0.353125 0.510938
4 0.611719 0.704688 0.076563 0.431250
7 0.140625 0.618750 0.281250 0.259375
7 0.289062 0.596094 0.146875 0.214062
8 0.825000 0.744531 0.350000 0.510938
7 0.787541 0.649111 0.025436 0.037645
5 0.783544 0.641276 0.036665 0.062709
