8 0.273438 0.101562 0.471875 0.203125
8 0.388281 0.259375 0.242188 0.518750
1 0.659375 0.191406 0.300000 0.273438
2 0.699219 0.028906 0.379688 0.057813
4 0.754687 0.417969 0.490625 0.201563
5 0.754687 0.259375 0.490625 0.518750
5 0.254688 0.759375 0.509375 0.481250
4 0.254688 0.874219 0.509375 0.251563
1 0.332813 0.664062 0.353125 0.253125
9 0.525781 0.926562 0.032813 0.062500
8 0.788281 0.759375 0.423438 0.481250
0 0.871094 0.713414 0.023438 0.026835
3 0.867188 0.732991 0.012500 0.012645
4 0.864062 0.752559 0.029687 0.034720
5 0.865625 0.734572 0.035937 0.072293
