8 0.123438 0.309375 0.246875 0.140625
8 0.282072 0.100459 0.165090 0.178472
1 0.876563 0.121875 0.246875 0.243750
4 0.814844 0.221875 0.370312 0.315625
5 0.814844 0.189844 0.370312 0.379688
8 0.519531 0.559375 0.220312 0.359375
8 0.351892 0.644180 0.388592 0.460741
8 0.085938 0.462500 0.171875 0.165625
9 0.666406 0.798438 0.073438 0.403125
6 0.894456 0.931444 0.031505 0.044114
9 0.914844 0.789844 0.170313 0.420312
3 0.835764 0.679182 0.053743 0.106868
0 0.828642 0.560341 0.138291 0.137537
7 0.763281 0.832031 0.248438 0.335938
5 0.782813 0.740625 0.306250 0.518750
