8 0.523438 0.224219 0.212500 0.429688
8 0.814844 0.141406 0.370312 0.282813
0 0.205469 0.504266 0.034375 0.036137
0 0.121875 0.487374 0.037500 0.039281
0 0.035156 0.468119 0.039062 0.037727
0 0.250781 0.536561 0.037500 0.037718
0 0.467969 0.558137 0.035937 0.037709
0 0.422656 0.525842 0.032813 0.036128
0 0.152344 0.528957 0.039062 0.042415
0 0.381250 0.553727 0.035937 0.039272
0 0.290625 0.528199 0.032813 0.037691
0 0.081250 0.530106 0.040625 0.037736
0 0.328125 0.518261 0.032813 0.037691
0 0.511719 0.611517 0.050000 0.084666
0 0.338281 0.559727 0.037500 0.043968
0 0.014063 0.505469 0.028125 0.045312
3 0.007031 0.547656 0.014063 0.020313
3 0.031250 0.502472 0.023438 0.022011
3 0.079687 0.565253 0.020313 0.017306
3 0.117188 0.522503 0.026562 0.020467
3 0.146875 0.568769 0.028125 0.022039
3 0.199219 0.539386 0.023438 0.020449
3 0.243750 0.574802 0.029687 0.022048
3 0.285938 0.561766 0.023438 0.020449
3 0.321094 0.548689 0.020313 0.020431
3 0.329688 0.598739 0.026562 0.025155
3 0.378125 0.584958 0.021875 0.023565
3 0.415625 0.559395 0.023438 0.022011
3 0.419531 0.618793 0.023438 0.022011
3 0.460938 0.597940 0.025000 0.022020
3 0.492969 0.591876 0.017188 0.017287
3 0.506250 0.634141 0.021875 0.022002
3 0.550000 0.626583 0.021875 0.020440
3 0.587500 0.622895 0.028125 0.023601
0 0.594531 0.579967 0.039062 0.039290
0 0.553906 0.585981 0.039062 0.037727
0 0.513281 0.591213 0.039062 0.037727
0 0.500000 0.555980 0.032813 0.033003
0 0.424219 0.579758 0.039062 0.039290
7 0.617188 0.701562 0.025000 0.168750
7 0.603125 0.764062 0.053125 0.171875
7 0.574219 0.703287 0.106250 0.159993
7 0.535156 0.689778 0.064062 0.142560
7 0.495312 0.710640 0.100000 0.156832
7 0.481250 0.621496 0.031250 0.042369
7 0.454688 0.670560 0.079687 0.144214
7 0.407813 0.692944 0.093750 0.148983
7 0.414062 0.599230 0.064062 0.062873
7 0.364063 0.653627 0.076563 0.120758
7 0.312500 0.666608 0.103125 0.145912
7 0.307812 0.577518 0.026562 0.025155
7 0.288281 0.593811 0.059375 0.051908
7 0.236719 0.640386 0.096875 0.133376
7 0.186719 0.610407 0.081250 0.122348
7 0.105469 0.564622 0.032813 0.031441
7 0.028906 0.558708 0.054688 0.075318
7 0.016406 0.630469 0.032813 0.164062
7 0.057031 0.638559 0.093750 0.150545
5 0.037500 0.642188 0.075000 0.396875
5 0.023438 0.693750 0.046875 0.425000
5 0.057031 0.683594 0.114062 0.357812
5 0.096094 0.654411 0.110937 0.375645
5 0.118750 0.692043 0.142187 0.383640
5 0.179688 0.668960 0.132812 0.375773
5 0.221094 0.699670 0.156250 0.388409
5 0.267188 0.685094 0.120313 0.361637
5 0.318750 0.545550 0.051562 0.098737
5 0.307031 0.725951 0.157812 0.393106
5 0.354687 0.711384 0.117188 0.363182
5 0.418750 0.564882 0.076563 0.120758
5 0.392969 0.746763 0.150000 0.389935
5 0.443750 0.727528 0.126562 0.381986
5 0.478906 0.719138 0.110937 0.366270
5 0.485156 0.762144 0.140625 0.393006
5 0.514844 0.749816 0.128125 0.375745
5 0.557031 0.766406 0.145313 0.423438
5 0.582031 0.800781 0.095312 0.398438
5 0.598437 0.773438 0.062500 0.450000
