8 0.292969 0.225000 0.432812 0.450000
8 0.100781 0.225000 0.201563 0.450000
2 0.596875 0.350000 0.175000 0.165625
5 0.754687 0.331250 0.490625 0.237500
3 0.254688 0.862500 0.509375 0.275000
2 0.235156 0.567969 0.470313 0.235937
4 0.254688 0.850781 0.509375 0.298438
5 0.254688 0.725000 0.509375 0.550000
4 0.918927 0.782610 0.014317 0.021957
4 0.864203 0.785417 0.015880 0.021966
2 0.917537 0.767757 0.004778 0.007840
2 0.862804 0.771345 0.007922 0.009420
5 0.863358 0.790881 0.022457 0.050127
5 0.918146 0.782606 0.017678 0.042287
