8 0.209375 0.194531 0.418750 0.389062
8 0.339062 0.177344 0.159375 0.354687
2 0.023438 0.002344 0.012500 0.004687
3 0.028906 0.018199 0.006250 0.010974
4 0.025781 0.040873 0.017188 0.040725
5 0.035156 0.046094 0.039062 0.092188
2 0.595313 0.007812 0.037500 0.015625
4 0.599219 0.072741 0.075000 0.111374
5 0.628125 0.150781 0.156250 0.301563
4 0.326562 0.729450 0.168750 0.335357
3 0.348438 0.571510 0.039062 0.051790
2 0.339844 0.465625 0.114062 0.153125
5 0.289062 0.694531 0.259375 0.610938
8 0.709375 0.611719 0.581250 0.445312
8 0.928125 0.578906 0.143750 0.379688
