8 0.395313 0.301563 0.346875 0.175000
8 0.177344 0.323437 0.354687 0.131250
8 0.794531 0.194531 0.410938 0.389062
8 0.753125 0.142187 0.328125 0.284375
0 0.699219 0.042873 0.014063 0.012664
3 0.695312 0.056108 0.009375 0.009484
4 0.695312 0.071733 0.020313 0.033049
5 0.700781 0.076485 0.046875 0.083358
8 0.150000 0.640625 0.300000 0.503125
8 0.260156 0.760938 0.520312 0.478125
4 0.900000 0.973437 0.140625 0.053125
2 0.930469 0.934824 0.046875 0.028670
5 0.896094 0.953125 0.207813 0.093750
5 0.964063 0.507812 0.071875 0.237500
2 0.972656 0.400781 0.032813 0.023438
