8 0.300000 0.214844 0.600000 0.429688
0 0.043750 0.769531 0.087500 0.145313
3 0.032062 0.873237 0.031741 0.042551
0 0.028906 0.458594 0.057813 0.057813
4 0.096094 0.925781 0.192188 0.148438
5 0.122656 0.844531 0.245312 0.310937
0 0.925000 0.594531 0.150000 0.189062
0 0.947656 0.688281 0.104688 0.139063
0 0.898379 0.868391 0.182051 0.205216
0 0.885938 0.975000 0.212500 0.050000
4 0.748385 0.534934 0.144097 0.165717
5 0.756352 0.548125 0.236920 0.221477
5 0.970313 0.508594 0.059375 0.157812
4 0.985156 0.504687 0.029687 0.143750
3 0.988281 0.975781 0.023438 0.045312
4 0.680469 0.901563 0.160938 0.196875
2 0.652344 0.771094 0.104688 0.101562
3 0.731454 0.825796 0.042733 0.047366
5 0.905469 0.653906 0.189062 0.314063
4 0.879682 0.671706 0.083086 0.158758
5 0.726562 0.845313 0.253125 0.309375
5 0.899151 0.867600 0.178981 0.209867
5 0.946875 0.784375 0.106250 0.350000
