8 0.585938 0.192969 0.346875 0.385937
8 0.377344 0.250000 0.754687 0.500000
4 0.037139 0.118034 0.031886 0.055051
5 0.042490 0.107941 0.060320 0.081941
8 0.379688 0.872656 0.759375 0.254688
0 0.978927 0.769279 0.034793 0.036337
0 0.894689 0.780016 0.039517 0.039517
0 0.804191 0.789899 0.039499 0.037955
0 0.937221 0.810195 0.039553 0.042642
0 0.870325 0.834413 0.041061 0.037973
0 0.789111 0.836593 0.047384 0.044295
3 0.802856 0.876591 0.025218 0.019041
3 0.813175 0.823593 0.023692 0.022148
3 0.880881 0.868906 0.020512 0.017424
3 0.902120 0.814473 0.025236 0.020603
3 0.945498 0.850129 0.028380 0.022202
3 0.985595 0.805290 0.023656 0.019023
7 0.977344 0.876563 0.045312 0.125000
7 0.904991 0.859813 0.033176 0.031632
7 0.830218 0.878472 0.053998 0.075618
7 0.810156 0.939844 0.101562 0.120313
7 0.882812 0.934375 0.093750 0.131250
5 0.834375 0.882812 0.143750 0.234375
5 0.828906 0.905469 0.139063 0.189062
5 0.891406 0.905469 0.132812 0.189062
5 0.925000 0.878906 0.109375 0.242188
5 0.944531 0.891406 0.110937 0.217188
5 0.971875 0.872656 0.056250 0.254688
