8 0.357893 0.344570 0.205915 0.212128
8 0.344531 0.275781 0.689063 0.407813
3 0.293903 0.332442 0.009439 0.010992
2 0.295552 0.317589 0.014172 0.018832
4 0.302374 0.353486 0.020531 0.037618
5 0.294584 0.349625 0.044250 0.086192
0 0.764034 0.070406 0.084984 0.105178
3 0.767068 0.086013 0.044014 0.045567
4 0.707812 0.314063 0.037500 0.309375
7 0.836280 0.274666 0.200356 0.330842
5 0.846875 0.239844 0.306250 0.479687
5 0.739844 0.239844 0.101562 0.479687
4 0.844531 0.572656 0.310937 0.185938
5 0.844531 0.688281 0.310937 0.417187
