8 0.275000 0.209375 0.550000 0.418750
2 0.620313 0.156250 0.140625 0.240625
5 0.775000 0.212500 0.450000 0.412500
4 0.262375 0.487549 0.008031 0.018795
4 0.264002 0.493009 0.019277 0.045422
0 0.741656 0.720923 0.158849 0.089981
0 0.742672 0.539655 0.124565 0.097593
0 0.951275 0.539223 0.066043 0.036319
3 0.739084 0.567022 0.045694 0.033076
3 0.722053 0.781979 0.031650 0.034557
4 0.968750 0.602344 0.062500 0.073438
4 0.831345 0.639928 0.213283 0.202790
4 0.802849 0.876828 0.236939 0.221676
5 0.957031 0.587500 0.085938 0.134375
5 0.808116 0.658033 0.262085 0.368687
5 0.760156 0.836719 0.376563 0.326562
