8 0.369531 0.201563 0.160938 0.403125
8 0.256250 0.344531 0.387500 0.429688
8 0.737500 0.070312 0.184375 0.140625
8 0.725000 0.279687 0.550000 0.559375
3 0.678086 0.027344 0.007876 0.010937
2 0.679557 0.011719 0.012600 0.017188
4 0.682891 0.047656 0.017397 0.035937
5 0.677400 0.043750 0.036410 0.081250
6 0.437983 0.884375 0.014199 0.023438
6 0.418366 0.869531 0.009466 0.015625
6 0.405811 0.860156 0.007885 0.012500
6 0.400315 0.855469 0.006314 0.010937
6 0.394828 0.852344 0.006305 0.009375
6 0.388551 0.847656 0.006332 0.014063
6 0.242103 0.921094 0.020512 0.034375
6 0.285676 0.890625 0.012627 0.021875
6 0.302014 0.878906 0.009484 0.018750
6 0.324579 0.863281 0.006323 0.012500
6 0.330021 0.858594 0.006314 0.010937
6 0.333913 0.856250 0.004742 0.009375
6 0.336225 0.850781 0.004769 0.014063
6 0.023866 0.875000 0.004733 0.007812
6 0.386212 0.848437 0.003180 0.009375
6 0.383078 0.846875 0.003161 0.006250
6 0.374479 0.846094 0.004724 0.006250
6 0.358854 0.846094 0.003161 0.006250
6 0.343234 0.846875 0.003161 0.006250
6 0.331538 0.850781 0.001608 0.007812
6 0.329190 0.850000 0.003170 0.007812
6 0.320591 0.849219 0.003161 0.006250
6 0.308873 0.849219 0.003161 0.006250
6 0.287002 0.850000 0.003161 0.006250
6 0.254208 0.853125 0.003170 0.007812
6 0.226096 0.855469 0.003170 0.007812
6 0.197985 0.857812 0.003170 0.007812
6 0.151128 0.860938 0.003161 0.006250
6 0.169092 0.860156 0.004724 0.006250
6 0.142544 0.862500 0.003170 0.007812
6 0.115990 0.864062 0.003161 0.006250
6 0.099602 0.867188 0.004733 0.007812
6 0.072263 0.867969 0.003170 0.007812
6 0.059000 0.871094 0.004733 0.007812
6 0.031661 0.871875 0.003170 0.007812
5 0.832812 0.779687 0.334375 0.440625
4 0.905469 0.815625 0.189062 0.368750
