8 0.228906 0.077344 0.101562 0.154688
8 0.189062 0.235156 0.181250 0.389062
5 0.631250 0.224219 0.703125 0.410938
0 0.411261 0.194196 0.145304 0.268024
4 0.667188 0.374219 0.396875 0.110937
1 0.547656 0.296875 0.198437 0.265625
8 0.180469 0.841406 0.198437 0.317188
7 0.024034 0.750852 0.014190 0.021957
5 0.023212 0.743816 0.017433 0.042287
8 0.114844 0.714844 0.229687 0.570312
8 0.059375 0.705469 0.118750 0.551562
8 0.743424 0.697509 0.339382 0.325401
8 0.630469 0.745313 0.701562 0.509375
4 0.429820 0.640217 0.015816 0.032903
3 0.429652 0.611311 0.007876 0.010983
2 0.424878 0.596440 0.012582 0.014135
5 0.435225 0.629312 0.039562 0.086165
