8 0.200000 0.376563 0.400000 0.640625
2 0.383246 0.155618 0.011119 0.015752
3 0.379994 0.166592 0.007903 0.007903
4 0.382819 0.192337 0.020785 0.040861
5 0.378994 0.185351 0.030542 0.073783
9 0.891840 0.224187 0.039481 0.036392
9 0.777214 0.273951 0.059848 0.041316
9 0.778296 0.248161 0.037864 0.031686
9 0.799189 0.265103 0.045785 0.041152
9 0.694129 0.298352 0.050527 0.045894
6 0.470355 0.397037 0.017333 0.012700
9 0.557746 0.338215 0.052126 0.049037
8 0.989844 0.358594 0.020313 0.129688
8 0.661178 0.579167 0.307269 0.225420
8 0.971465 0.094371 0.023801 0.031523
9 0.922692 0.123841 0.023674 0.020585
9 0.904723 0.124050 0.020567 0.022111
9 0.866469 0.122152 0.009611 0.020422
9 0.880513 0.123551 0.028398 0.023765
2 0.189062 0.926562 0.378125 0.146875
5 0.200000 0.914062 0.400000 0.171875
8 0.776563 0.869531 0.446875 0.260937
8 0.541406 0.914062 0.282813 0.171875
2 0.791984 0.890874 0.012682 0.015770
7 0.772262 0.907508 0.026981 0.036247
5 0.779239 0.912113 0.044423 0.058322
