8 0.205469 0.284375 0.410938 0.568750
0 0.694039 0.452688 0.069186 0.075400
5 0.728125 0.489063 0.215625 0.159375
4 0.706250 0.537500 0.115625 0.062500
4 0.782838 0.363112 0.020522 0.036056
0 0.779096 0.335009 0.014153 0.015707
5 0.788970 0.383388 0.047575 0.120585
8 0.189844 0.788281 0.379688 0.310937
3 0.918962 0.626220 0.009430 0.009430
0 0.915951 0.606707 0.018877 0.021984
4 0.931389 0.638647 0.034620 0.042387
4 0.863956 0.681226 0.030051 0.062673
5 0.858488 0.681258 0.063227 0.125364
5 0.928133 0.661322 0.074247 0.139490
