8 0.185938 0.219531 0.331250 0.439063
8 0.313281 0.313281 0.576562 0.451562
1 0.775000 0.409375 0.171875 0.259375
2 0.786719 0.139844 0.195312 0.157812
5 0.844531 0.289062 0.310937 0.500000
2 0.017969 0.769531 0.035937 0.185938
0 0.172656 0.618750 0.126562 0.159375
2 0.421347 0.635938 0.105578 0.153125
3 0.014063 0.933594 0.028125 0.132812
3 0.176984 0.741406 0.075373 0.064062
3 0.401838 0.766406 0.067497 0.053125
4 0.388281 0.868750 0.192188 0.262500
4 0.139844 0.884375 0.179688 0.231250
5 0.135156 0.769531 0.270313 0.460938
5 0.399219 0.775000 0.304688 0.450000
7 0.844531 0.839063 0.310937 0.321875
5 0.844531 0.769531 0.310937 0.460938
3 0.761936 0.681250 0.053925 0.137500
0 0.809375 0.577344 0.209375 0.076563
