8 0.126498 0.271819 0.231187 0.260485
8 0.712303 0.137035 0.191779 0.200656
8 0.878125 0.231250 0.243750 0.246875
7 0.980830 0.172189 0.015770 0.025182
5 0.979272 0.171426 0.018932 0.031468
0 0.975425 0.161315 0.006305 0.009448
9 0.964844 0.391406 0.070312 0.054688
9 0.912500 0.431250 0.165625 0.137500
9 0.800000 0.437500 0.143750 0.125000
9 0.738174 0.389842 0.188582 0.188119
9 0.603125 0.434375 0.156250 0.131250
8 0.596875 0.371094 0.215625 0.210938
8 0.945312 0.335938 0.109375 0.156250
0 0.878028 0.117920 0.007867 0.009466
0 0.888184 0.117802 0.007858 0.007903
0 0.871015 0.114877 0.007858 0.007903
0 0.852183 0.129158 0.007867 0.009466
7 0.851343 0.139323 0.014144 0.014226
7 0.867799 0.130538 0.014190 0.022039
7 0.875630 0.127322 0.004742 0.009430
7 0.887348 0.127186 0.011001 0.011065
5 0.886585 0.124070 0.012609 0.018895
5 0.877219 0.122617 0.009493 0.020422
5 0.867822 0.126632 0.015816 0.032994
5 0.852142 0.136189 0.015770 0.025182
0 0.264293 0.794663 0.020467 0.026799
0 0.202551 0.799288 0.020467 0.026799
3 0.261835 0.814222 0.007876 0.011028
4 0.271115 0.830519 0.034630 0.044150
4 0.188207 0.847889 0.030060 0.064408
5 0.185096 0.845581 0.061692 0.130397
5 0.260854 0.848606 0.071149 0.144568
3 0.632812 0.519531 0.087500 0.039062
4 0.767188 0.542969 0.209375 0.085938
5 0.703906 0.750000 0.429688 0.500000
