8 0.164844 0.165625 0.329688 0.331250
8 0.664844 0.194531 0.670312 0.389062
5 0.337500 0.148438 0.015625 0.178125
8 0.242188 0.511719 0.175000 0.245312
8 0.118750 0.622656 0.237500 0.467187
5 0.027344 0.487566 0.048438 0.086501
7 0.462500 0.657179 0.017188 0.028325
0 0.464062 0.635323 0.006250 0.009448
5 0.459375 0.671206 0.028125 0.081577
5 0.825000 0.578585 0.007812 0.023528
8 0.818750 0.580075 0.070312 0.103943
9 0.788281 0.601595 0.026562 0.037809
9 0.749219 0.617547 0.051562 0.074037
7 0.807813 0.613541 0.009375 0.018859
5 0.806250 0.622117 0.012500 0.050145
8 0.598437 0.800167 0.190625 0.322531
5 0.502344 0.889674 0.048438 0.092751
8 0.575781 0.694531 0.492188 0.610938
8 0.939844 0.540859 0.021875 0.039317
9 0.882031 0.510499 0.010937 0.015752
9 0.901563 0.503695 0.006250 0.007885
9 0.900781 0.516186 0.010937 0.015752
9 0.898438 0.531002 0.015625 0.018932
9 0.887500 0.536344 0.015625 0.022057
9 0.875781 0.547145 0.017188 0.023637
9 0.862500 0.538396 0.015625 0.018932
