8 0.244531 0.225000 0.489063 0.450000
0 0.071094 0.472656 0.101562 0.045312
0 0.034181 0.546541 0.033231 0.036319
0 0.130657 0.514847 0.041098 0.041098
0 0.188479 0.514738 0.042715 0.045803
0 0.334800 0.496907 0.044259 0.044259
0 0.359590 0.515167 0.027035 0.040934
3 0.362479 0.535516 0.012682 0.015770
3 0.329767 0.526540 0.011137 0.017315
3 0.188097 0.547551 0.018986 0.020531
3 0.086671 0.534650 0.049056 0.053689
3 0.392966 0.534308 0.014226 0.014226
5 0.373180 0.623152 0.057578 0.249074
5 0.354911 0.648724 0.100893 0.346440
5 0.409035 0.630601 0.106616 0.301200
0 0.383128 0.506846 0.039590 0.045767
5 0.217193 0.665874 0.113520 0.357523
5 0.172543 0.675512 0.138702 0.373439
5 0.034136 0.550448 0.038082 0.050436
5 0.057813 0.725000 0.115625 0.550000
5 0.140625 0.725000 0.281250 0.550000
7 0.411988 0.578285 0.059067 0.108485
7 0.349361 0.588495 0.071931 0.139881
7 0.208463 0.610296 0.067170 0.133576
7 0.120481 0.717881 0.240556 0.399620
7 0.157991 0.583143 0.074510 0.093042
7 0.030469 0.689063 0.060937 0.375000
8 0.744531 0.725000 0.510938 0.550000
8 0.794531 0.776563 0.410938 0.446875
0 0.811042 0.861577 0.015789 0.014244
3 0.811651 0.876430 0.009502 0.011047
4 0.815375 0.892100 0.022275 0.034630
5 0.823142 0.896098 0.049456 0.088064
