8 0.256250 0.384375 0.265625 0.531250
0 0.556618 0.289792 0.157177 0.080597
0 0.586852 0.108378 0.119805 0.091316
0 0.795082 0.138414 0.064426 0.031623
3 0.578730 0.134986 0.044095 0.029942
3 0.527030 0.348554 0.030069 0.032985
4 0.806818 0.203967 0.066443 0.070694
4 0.658962 0.222013 0.203781 0.191798
4 0.591428 0.453641 0.224293 0.209103
5 0.796844 0.188401 0.084322 0.130169
5 0.633017 0.236226 0.241645 0.357632
5 0.555469 0.451562 0.332813 0.396875
9 0.194531 0.827344 0.389062 0.345313
8 0.917164 0.713488 0.036665 0.062709
6 0.971914 0.774884 0.006432 0.015661
6 0.978046 0.852187 0.004942 0.021902
6 0.996875 0.872656 0.006250 0.026562
6 0.993544 0.795850 0.004869 0.015652
0 0.507679 0.792427 0.004724 0.003152
7 0.506798 0.801026 0.004797 0.009402
5 0.506753 0.804932 0.006577 0.028161
0 0.569070 0.887376 0.004742 0.004715
5 0.569670 0.902997 0.009793 0.035992
0 0.699693 0.940519 0.006323 0.006286
0 0.726201 0.945052 0.004742 0.004715
7 0.726064 0.956771 0.006377 0.010974
7 0.699557 0.952238 0.009520 0.012555
5 0.699611 0.947550 0.011210 0.023501
5 0.726101 0.953646 0.009630 0.021930
5 0.931753 0.802459 0.009666 0.025055
0 0.870497 0.762975 0.004724 0.003152
5 0.870406 0.770787 0.009593 0.018805
6 0.962421 0.785095 0.006395 0.012536
7 0.962839 0.749157 0.006341 0.007849
5 0.963575 0.753059 0.008049 0.020358
8 0.465311 0.673932 0.014226 0.014144
7 0.608360 0.800435 0.007940 0.010983
5 0.609051 0.808243 0.012936 0.037573
7 0.669053 0.821174 0.006377 0.010974
5 0.669779 0.825857 0.009702 0.028180
8 0.984878 0.734967 0.020731 0.036056
9 0.964075 0.710090 0.023674 0.020449
9 0.942000 0.727405 0.026835 0.023592
7 0.740891 0.823881 0.004797 0.009402
5 0.741645 0.826220 0.006468 0.018786
