8 0.036719 0.295312 0.073438 0.143750
8 0.204687 0.295312 0.240625 0.228125
8 0.329688 0.204687 0.659375 0.409375
2 0.201339 0.262280 0.014162 0.017269
3 0.205917 0.281003 0.012582 0.014135
5 0.219071 0.302801 0.052208 0.111237
4 0.213552 0.311426 0.020576 0.045431
6 0.832812 0.033594 0.187500 0.067187
9 0.057813 0.858594 0.115625 0.254688
8 0.160156 0.938281 0.301563 0.123438
0 0.620297 0.559522 0.022066 0.032940
5 0.621019 0.569674 0.050455 0.078416
4 0.625030 0.551683 0.025236 0.040770
0 0.173590 0.667586 0.011028 0.015689
7 0.182029 0.694099 0.023674 0.040761
5 0.184273 0.711273 0.045949 0.109639
3 0.177428 0.679282 0.006286 0.006286
5 0.009375 0.705469 0.018750 0.051562
4 0.007031 0.700000 0.014063 0.028125
7 0.918844 0.572418 0.151682 0.289935
0 0.921094 0.471094 0.092188 0.123438
5 0.914844 0.704688 0.170313 0.590625
