8 0.123540 0.327344 0.204334 0.207813
8 0.150000 0.278125 0.300000 0.443750
3 0.186894 0.314844 0.009439 0.010937
2 0.186204 0.299219 0.014172 0.018750
4 0.178964 0.335156 0.020522 0.035937
5 0.186018 0.331250 0.044241 0.084375
7 0.626563 0.060156 0.228125 0.120313
5 0.533594 0.250000 0.467187 0.500000
8 0.150000 0.750000 0.300000 0.500000
8 0.427344 0.526563 0.170313 0.053125
8 0.650000 0.750000 0.700000 0.500000
8 0.916406 0.788281 0.167187 0.423438
4 0.596492 0.584375 0.031568 0.054688
2 0.603038 0.533594 0.015716 0.015625
5 0.602047 0.569531 0.047411 0.092188
8 0.782434 0.583594 0.142815 0.107813
