8 0.239844 0.229687 0.479687 0.459375
0 0.705394 0.392188 0.159893 0.089063
0 0.703342 0.207813 0.125564 0.096875
0 0.503125 0.208594 0.046875 0.035937
3 0.708651 0.235156 0.045503 0.032813
3 0.725000 0.447656 0.031250 0.023438
4 0.492969 0.273438 0.026562 0.075000
4 0.615246 0.310156 0.215244 0.203125
5 0.503906 0.259375 0.048438 0.134375
5 0.636719 0.301563 0.264062 0.315625
5 0.687500 0.402344 0.378125 0.114062
9 0.967969 0.653125 0.064062 0.206250
0 0.746719 0.564063 0.025264 0.045312
4 0.741077 0.593750 0.037800 0.051562
5 0.734696 0.616406 0.064999 0.160938
