8 0.189844 0.258594 0.379688 0.382812
8 0.584300 0.351314 0.034739 0.062700
6 0.530753 0.412719 0.006341 0.015661
6 0.508220 0.433681 0.004778 0.015652
0 0.991777 0.430245 0.004706 0.003152
7 0.992604 0.438062 0.004742 0.009402
5 0.990625 0.438281 0.006250 0.023438
5 0.568750 0.438281 0.009375 0.023438
0 0.630680 0.400801 0.003143 0.003143
5 0.631503 0.407837 0.007922 0.018795
6 0.539401 0.422144 0.006323 0.012536
6 0.495633 0.418765 0.003216 0.015643
7 0.539197 0.386988 0.006295 0.007849
5 0.538434 0.390108 0.007931 0.020358
7 0.891046 0.438252 0.007876 0.010983
5 0.889062 0.438281 0.012500 0.023438
8 0.517240 0.372798 0.020522 0.036056
9 0.538970 0.347925 0.023556 0.020449
9 0.560163 0.365236 0.026699 0.023592
1 0.253906 0.558594 0.251563 0.217188
4 0.189844 0.824219 0.379688 0.351562
5 0.189844 0.725000 0.379688 0.550000
1 0.473438 0.668750 0.187500 0.359375
4 0.689844 0.857812 0.620313 0.284375
5 0.689844 0.725000 0.620313 0.550000
