8 0.225000 0.319531 0.450000 0.639062
5 0.307164 0.162579 0.025200 0.034520
3 0.897081 0.269624 0.023537 0.017324
2 0.890740 0.253963 0.031377 0.022057
4 0.905084 0.302482 0.062818 0.055051
5 0.923325 0.349462 0.152935 0.236819
0 0.059375 0.770312 0.118750 0.206250
0 0.357812 0.711719 0.184375 0.145313
0 0.303906 0.687500 0.060937 0.096875
2 0.167315 0.728741 0.103725 0.103725
3 0.343401 0.782107 0.031495 0.042369
3 0.417187 0.853125 0.065625 0.118750
3 0.182073 0.848354 0.047220 0.059648
4 0.200781 0.950781 0.045312 0.098437
4 0.304688 0.904687 0.203125 0.190625
4 0.317969 0.910156 0.079687 0.179688
4 0.383594 0.893750 0.132812 0.212500
0 0.277403 0.717663 0.059875 0.086283
3 0.295018 0.791200 0.037736 0.040843
0 0.227049 0.790805 0.023665 0.039199
5 0.217188 0.882812 0.128125 0.234375
5 0.291793 0.773995 0.094995 0.214608
5 0.350000 0.819531 0.200000 0.360938
5 0.367188 0.819531 0.165625 0.360938
5 0.287500 0.828906 0.325000 0.342187
0 0.183594 0.821875 0.367188 0.356250
9 0.225000 0.819531 0.450000 0.360938
