8 0.273438 0.046094 0.312500 0.092188
8 0.223438 0.219531 0.412500 0.439063
5 0.761719 0.219531 0.476562 0.439063
2 0.839063 0.070312 0.243750 0.140625
1 0.805940 0.287849 0.234267 0.252709
6 0.161990 0.601112 0.028498 0.064390
6 0.286354 0.577558 0.019023 0.047093
6 0.339547 0.566457 0.012718 0.037645
6 0.037294 0.547314 0.009539 0.028234
6 0.079559 0.534524 0.011083 0.025127
6 0.371615 0.560580 0.009511 0.023547
9 0.214844 0.826562 0.429688 0.346875
8 0.936719 0.692187 0.126562 0.418750
8 0.725781 0.825000 0.485938 0.350000
5 0.667376 0.749839 0.031577 0.056614
