8 0.209375 0.289844 0.418750 0.579688
5 0.393912 0.169956 0.015870 0.042278
8 0.688281 0.289844 0.539062 0.579688
8 0.689063 0.049219 0.187500 0.098437
5 0.762703 0.138365 0.036374 0.075209
8 0.709375 0.678906 0.581250 0.198437
0 0.559958 0.793861 0.075245 0.042624
0 0.614687 0.787148 0.050191 0.033103
3 0.612992 0.809795 0.034466 0.015825
3 0.572308 0.819715 0.025100 0.017333
7 0.607219 0.862107 0.091170 0.094277
7 0.525161 0.866317 0.127281 0.124174
5 0.541406 0.882031 0.198437 0.235937
5 0.631250 0.882031 0.206250 0.235937
0 0.587348 0.651828 0.007840 0.004733
7 0.585735 0.660412 0.015707 0.014153
5 0.583373 0.663524 0.025191 0.032958
0 0.587198 0.677609 0.009411 0.006305
7 0.581684 0.685390 0.017278 0.015725
5 0.582442 0.689300 0.025200 0.034520
