8 0.294531 0.292969 0.589063 0.585938
8 0.496094 0.350000 0.245312 0.309375
0 0.643750 0.037500 0.050000 0.075000
5 0.660156 0.319531 0.082812 0.639062
5 0.309375 0.819531 0.618750 0.360938
0 0.701520 0.860156 0.056650 0.068750
0 0.788189 0.868750 0.050318 0.054688
0 0.877996 0.875000 0.048747 0.053125
0 0.937517 0.850000 0.067642 0.078125
3 0.703596 0.906250 0.029851 0.028125
3 0.790251 0.917188 0.029842 0.026562
3 0.891891 0.903906 0.020458 0.025000
3 0.921664 0.889062 0.031459 0.035937
4 0.872656 0.960938 0.051562 0.078125
4 0.942187 0.960938 0.115625 0.078125
4 0.798438 0.967969 0.096875 0.064062
4 0.707812 0.969531 0.106250 0.060937
5 0.710938 0.910937 0.156250 0.178125
5 0.810156 0.918750 0.139063 0.162500
5 0.895312 0.921094 0.131250 0.157812
5 0.927344 0.901563 0.145313 0.196875
