8 0.150707 0.293111 0.196485 0.203835
8 0.512500 0.376563 0.212500 0.400000
8 0.309375 0.298438 0.618750 0.562500
3 0.210255 0.262733 0.007876 0.011028
2 0.204877 0.247172 0.012600 0.017333
4 0.207779 0.285417 0.017406 0.037700
5 0.213289 0.278322 0.038000 0.086374
1 0.782813 0.360156 0.328125 0.389062
2 0.771875 0.063281 0.306250 0.126562
5 0.809375 0.289844 0.381250 0.579688
8 0.309375 0.836719 0.618750 0.326562
0 0.361222 0.915584 0.036119 0.031668
3 0.363384 0.946806 0.018886 0.023656
7 0.383594 0.962500 0.067187 0.075000
5 0.369531 0.946875 0.117188 0.106250
5 0.809375 0.754687 0.381250 0.350000
