8 0.078906 0.316406 0.157812 0.567187
8 0.920312 0.126562 0.159375 0.215625
8 0.764844 0.300000 0.470313 0.600000
2 0.959375 0.091436 0.014063 0.017269
3 0.955469 0.110944 0.012500 0.014135
5 0.943750 0.133532 0.045312 0.111201
4 0.951562 0.142171 0.017188 0.045412
8 0.174219 0.800000 0.348438 0.400000
4 0.652344 0.745313 0.245312 0.128125
0 0.961719 0.952344 0.076563 0.067187
3 0.939844 0.985156 0.039062 0.029687
3 0.792969 0.788333 0.056250 0.039390
2 0.841406 0.765958 0.070312 0.064472
5 0.709375 0.839844 0.359375 0.320312
