8 0.250000 0.275000 0.500000 0.550000
2 0.347081 0.295493 0.012664 0.014135
3 0.353921 0.311858 0.006377 0.010974
4 0.352894 0.332956 0.020767 0.039181
5 0.361497 0.332125 0.047984 0.095585
8 0.562500 0.259375 0.125000 0.518750
8 0.707031 0.330469 0.414062 0.439063
9 0.413281 0.621094 0.173437 0.142187
0 0.285544 0.745969 0.018950 0.017297
5 0.299569 0.816195 0.064391 0.162864
7 0.028239 0.905268 0.035066 0.059575
0 0.020209 0.856880 0.019005 0.021984
5 0.032031 0.920312 0.064062 0.159375
8 0.777344 0.686719 0.329688 0.273438
