8 0.378125 0.261719 0.381250 0.523438
8 0.383594 0.053906 0.370312 0.107813
8 0.657031 0.510938 0.123438 0.078125
8 0.982812 0.524219 0.034375 0.051562
9 0.970864 0.492204 0.025182 0.031395
8 0.256250 0.838281 0.206250 0.323437
8 0.269552 0.697086 0.228008 0.249756
8 0.460938 0.646094 0.212500 0.192188
9 0.304688 0.562500 0.065625 0.025000
4 0.625781 0.629687 0.114062 0.159375
4 0.889844 0.886719 0.220312 0.226562
4 0.877269 0.734096 0.044105 0.061192
4 0.754981 0.796663 0.144051 0.321140
5 0.633594 0.775000 0.129688 0.450000
0 0.685156 0.578125 0.026562 0.056250
0 0.714133 0.623775 0.040834 0.036174
0 0.742080 0.593470 0.018995 0.042297
0 0.856125 0.591009 0.076899 0.058258
0 0.895474 0.640455 0.044050 0.051817
0 0.956250 0.609375 0.087500 0.096875
3 0.949921 0.733737 0.065870 0.042569
3 0.880948 0.695056 0.026690 0.022030
3 0.852673 0.669111 0.034539 0.028325
3 0.789796 0.603904 0.062809 0.053489
5 0.695312 0.606250 0.031250 0.112500
5 0.718838 0.626928 0.030024 0.057985
5 0.761719 0.775000 0.164062 0.450000
5 0.858709 0.632429 0.064899 0.144123
5 0.880144 0.691145 0.071176 0.148847
5 0.866406 0.776563 0.267188 0.446875
5 0.992969 0.691406 0.014063 0.123438
