8 0.225000 0.284375 0.187500 0.528125
8 0.159375 0.492969 0.318750 0.573438
7 0.308594 0.145313 0.020313 0.037500
5 0.307812 0.142969 0.021875 0.045312
5 0.633074 0.479687 0.160485 0.459375
5 0.768162 0.491406 0.158114 0.320312
5 0.799966 0.396094 0.112728 0.307812
4 0.786158 0.352344 0.050582 0.100000
4 0.731684 0.450000 0.055206 0.089063
4 0.652850 0.437500 0.079189 0.182812
3 0.786444 0.303125 0.020422 0.018750
3 0.750761 0.393750 0.009448 0.012500
3 0.612766 0.344531 0.018932 0.031250
0 0.785105 0.264844 0.034602 0.039062
0 0.739978 0.367188 0.047220 0.059375
0 0.616232 0.285938 0.066016 0.067187
0 0.776563 0.796094 0.043750 0.032813
3 0.772195 0.816406 0.014162 0.017188
4 0.737770 0.825000 0.069095 0.059375
5 0.757812 0.848437 0.150000 0.137500
