8 0.153906 0.422656 0.307812 0.273438
2 0.573438 0.256676 0.153125 0.182141
0 0.784375 0.095293 0.120313 0.158512
3 0.623437 0.425917 0.057813 0.147211
3 0.792969 0.219462 0.073438 0.061365
3 0.992969 0.234375 0.014063 0.050000
4 0.964844 0.384375 0.070312 0.350000
4 0.767188 0.403906 0.162500 0.310937
5 0.589844 0.358594 0.201563 0.401562
5 0.760938 0.285156 0.234375 0.548438
5 0.945312 0.290625 0.109375 0.537500
0 0.080469 0.735156 0.160938 0.351562
5 0.174219 0.779687 0.348438 0.440625
8 0.744531 0.779687 0.510938 0.440625
8 0.741406 0.869531 0.370312 0.260937
