8 0.254688 0.259375 0.509375 0.518750
8 0.689844 0.259375 0.360938 0.518750
8 0.754687 0.259375 0.490625 0.518750
8 0.356250 0.885156 0.203125 0.229687
8 0.254688 0.759375 0.509375 0.481250
9 0.053906 0.904687 0.107813 0.112500
7 0.170487 0.843563 0.017415 0.039162
0 0.176610 0.821651 0.009439 0.010992
5 0.174475 0.857602 0.030178 0.084548
9 0.492370 0.708873 0.022248 0.064190
9 0.461179 0.719211 0.055142 0.078443
7 0.866490 0.813157 0.181069 0.238545
0 0.970313 0.735938 0.059375 0.143750
3 0.957801 0.796219 0.023647 0.036074
5 0.872656 0.832812 0.254688 0.334375
