8 0.130469 0.114844 0.170313 0.229687
8 0.121875 0.261719 0.243750 0.514062
8 0.725000 0.259375 0.550000 0.518750
5 0.878906 0.443750 0.035937 0.150000
7 0.880222 0.460331 0.031705 0.078307
3 0.883837 0.410309 0.009457 0.014117
0 0.882920 0.386876 0.018895 0.025109
0 0.100016 0.734786 0.015725 0.017278
4 0.092449 0.777019 0.037864 0.062718
0 0.322037 0.758495 0.014126 0.011019
0 0.354804 0.750492 0.012573 0.012573
5 0.354872 0.762211 0.025200 0.034520
5 0.322087 0.767089 0.022011 0.023565
4 0.106557 0.784750 0.072575 0.120731
5 0.785156 0.759375 0.429688 0.481250
