8 0.489844 0.077344 0.251563 0.154688
8 0.380469 0.274219 0.476562 0.451562
5 0.204005 0.823438 0.020794 0.082812
7 0.207211 0.809375 0.012709 0.035937
0 0.201084 0.788281 0.007876 0.010937
9 0.615625 0.603125 0.006250 0.012500
9 0.613281 0.610938 0.010937 0.015625
9 0.615625 0.635156 0.006250 0.020313
8 0.343750 0.898438 0.184375 0.203125
8 0.309375 0.750000 0.618750 0.500000
5 0.621875 0.787500 0.006250 0.031250
8 0.671094 0.808594 0.104688 0.314063
8 0.904687 0.531250 0.068750 0.062500
8 0.809375 0.621875 0.381250 0.243750
