8 0.305469 0.275000 0.589063 0.550000
0 0.566671 0.754598 0.026744 0.031405
0 0.486243 0.762097 0.022002 0.022002
0 0.421381 0.759350 0.011028 0.015689
0 0.437701 0.744410 0.026744 0.031405
0 0.434740 0.772554 0.045540 0.039326
0 0.342507 0.765277 0.025145 0.025145
0 0.290213 0.774176 0.047130 0.044023
0 0.242620 0.785391 0.015734 0.018841
0 0.229348 0.787030 0.017297 0.018850
0 0.196495 0.780190 0.032994 0.031441
0 0.151814 0.754668 0.025145 0.025145
0 0.109481 0.729913 0.039308 0.042415
0 0.122312 0.786872 0.069186 0.075400
0 0.058414 0.815369 0.020449 0.023556
0 0.035694 0.804564 0.012555 0.009448
7 0.038960 0.828764 0.014235 0.029769
0 0.019283 0.803878 0.026717 0.026717
7 0.021094 0.877344 0.042188 0.101562
7 0.054885 0.880236 0.037991 0.084593
7 0.160857 0.831962 0.036428 0.084584
7 0.230511 0.852651 0.041061 0.075236
7 0.246091 0.844747 0.009711 0.057867
7 0.319537 0.845883 0.018886 0.023547
7 0.346863 0.842599 0.063064 0.097239
7 0.408541 0.835208 0.022411 0.092315
7 0.441299 0.825642 0.059784 0.070658
7 0.484290 0.829299 0.042678 0.084620
7 0.444760 0.883437 0.080560 0.150464
7 0.291717 0.898390 0.090026 0.166143
7 0.194656 0.866922 0.070931 0.106659
7 0.092189 0.846424 0.052353 0.136237
7 0.137500 0.928906 0.100000 0.142187
3 0.567579 0.776468 0.007912 0.017233
7 0.576562 0.823438 0.046875 0.100000
3 0.486402 0.789441 0.014144 0.014144
3 0.429498 0.811648 0.020422 0.018868
3 0.343456 0.794179 0.014144 0.014144
3 0.302972 0.818634 0.007931 0.020358
3 0.243520 0.805698 0.007876 0.010983
3 0.230248 0.807338 0.010992 0.009439
3 0.199016 0.810645 0.018841 0.015734
0 0.209912 0.803550 0.006350 0.017224
3 0.154312 0.781217 0.014135 0.012582
3 0.148398 0.839065 0.007976 0.028170
3 0.060099 0.836454 0.009439 0.010992
3 0.020228 0.831998 0.014135 0.012582
5 0.035789 0.820970 0.018995 0.042297
5 0.026562 0.894531 0.053125 0.210938
5 0.057031 0.900000 0.045312 0.200000
5 0.101562 0.853906 0.087500 0.292187
5 0.160008 0.820247 0.043106 0.158058
5 0.196094 0.880469 0.092188 0.239063
5 0.232228 0.879204 0.046512 0.206514
5 0.242321 0.868208 0.032332 0.186119
5 0.292969 0.875000 0.104688 0.250000
5 0.352344 0.874219 0.076563 0.251563
5 0.410948 0.846132 0.044868 0.192442
5 0.434908 0.801460 0.077462 0.155133
5 0.488287 0.844901 0.054243 0.192497
5 0.567969 0.849219 0.064062 0.226562
5 0.474219 0.873437 0.179688 0.253125
5 0.139063 0.871094 0.118750 0.257812
