8 0.140996 0.128125 0.241952 0.228125
8 0.284375 0.234375 0.568750 0.468750
2 0.134937 0.095312 0.015725 0.017188
3 0.140301 0.113281 0.012591 0.015625
5 0.153460 0.134375 0.055333 0.110937
4 0.147946 0.142187 0.022139 0.045312
9 0.672001 0.170313 0.183123 0.321875
2 0.759375 0.081250 0.228125 0.162500
2 0.912500 0.110937 0.175000 0.221875
3 0.828923 0.189062 0.114772 0.121875
4 0.867969 0.033594 0.101562 0.067187
4 0.667188 0.067187 0.096875 0.134375
4 0.853125 0.316406 0.293750 0.304688
5 0.652344 0.256250 0.167187 0.425000
5 0.914062 0.234375 0.171875 0.468750
5 0.866406 0.053125 0.123438 0.106250
5 0.686719 0.171094 0.198437 0.342187
5 0.821875 0.234375 0.356250 0.468750
8 0.513281 0.899219 0.110937 0.201563
9 0.339111 0.691406 0.036147 0.035937
8 0.257812 0.734375 0.515625 0.531250
6 0.913281 0.739844 0.173437 0.479687
3 0.782560 0.949219 0.080169 0.082812
2 0.746741 0.794531 0.105233 0.093750
5 0.814844 0.847656 0.370312 0.304688
