8 0.164844 0.164844 0.329688 0.329688
5 0.733594 0.013281 0.039062 0.026562
0 0.269531 0.478640 0.060937 0.072584
4 0.263281 0.634181 0.092188 0.188573
5 0.267188 0.720313 0.125000 0.559375
1 0.385937 0.883594 0.112500 0.123438
1 0.702344 0.663539 0.142187 0.179780
2 0.689063 0.498437 0.153125 0.137500
2 0.422656 0.590231 0.082812 0.060339
3 0.459375 0.678085 0.043750 0.044259
3 0.555469 0.912123 0.075000 0.077435
2 0.550781 0.718428 0.179688 0.141153
2 0.393750 0.705411 0.128125 0.137428
4 0.778906 0.807813 0.307812 0.384375
5 0.431250 0.644038 0.107813 0.174692
5 0.449219 0.814063 0.239063 0.371875
5 0.577344 0.795312 0.451562 0.409375
5 0.800781 0.714844 0.398438 0.570312
