8 0.350781 0.338281 0.398438 0.160938
1 0.750000 0.393750 0.121875 0.050000
2 0.691461 0.119308 0.086292 0.061937
3 0.656869 0.216592 0.044005 0.044259
2 0.602344 0.267188 0.104688 0.143750
2 0.730456 0.241519 0.132059 0.140590
4 0.966406 0.298438 0.067187 0.240625
5 0.922656 0.209375 0.154688 0.418750
5 0.686333 0.177966 0.108876 0.184067
5 0.773438 0.290625 0.387500 0.256250
5 0.662500 0.279687 0.225000 0.278125
8 0.275000 0.709375 0.550000 0.581250
5 0.321686 0.642873 0.099501 0.183958
4 0.337938 0.616120 0.019168 0.072093
4 0.750000 0.472656 0.400000 0.107813
5 0.757031 0.606250 0.414062 0.375000
