8 0.021094 0.099219 0.042188 0.142187
8 0.168750 0.103125 0.237500 0.206250
8 0.200000 0.254688 0.400000 0.509375
2 0.163707 0.060937 0.014162 0.017188
3 0.169071 0.078906 0.012582 0.014063
5 0.180667 0.100000 0.053752 0.107813
4 0.175930 0.108594 0.020567 0.043750
5 0.374358 0.600781 0.031723 0.081250
7 0.368971 0.586719 0.017387 0.034375
0 0.372996 0.566406 0.009448 0.012500
8 0.259468 0.742969 0.219024 0.315625
8 0.200000 0.754687 0.400000 0.490625
1 0.642969 0.747656 0.485938 0.370312
2 0.646875 0.560937 0.493750 0.103125
4 0.700000 0.885938 0.600000 0.228125
5 0.700000 0.754687 0.600000 0.490625
