8 0.314844 0.286719 0.629687 0.364063
2 0.234827 0.208569 0.012682 0.015698
3 0.237834 0.218708 0.007903 0.007858
4 0.234390 0.246069 0.022348 0.040752
5 0.238397 0.237453 0.032123 0.075182
5 0.785156 0.023438 0.026562 0.046875
8 0.671875 0.131250 0.084375 0.262500
5 0.696297 0.213038 0.047930 0.090898
8 0.814844 0.234375 0.370312 0.468750
4 0.314844 0.871875 0.629687 0.256250
1 0.293750 0.625781 0.534375 0.314063
5 0.314844 0.734375 0.629687 0.531250
1 0.732812 0.839063 0.206250 0.306250
2 0.738281 0.583594 0.217188 0.189062
5 0.814844 0.734375 0.370312 0.531250
