8 0.219531 0.225000 0.439063 0.450000
1 0.828906 0.298438 0.342187 0.303125
2 0.803906 0.060937 0.392188 0.121875
5 0.719531 0.225000 0.560937 0.450000
0 0.311719 0.945312 0.201563 0.109375
0 0.403906 0.778906 0.070312 0.185938
5 0.845313 0.900000 0.103125 0.200000
5 0.960938 0.874219 0.078125 0.229687
4 0.824516 0.864844 0.034648 0.046875
4 0.982812 0.828906 0.034375 0.064062
3 0.825924 0.838281 0.006314 0.010937
3 0.976473 0.798438 0.007858 0.007812
0 0.976350 0.777344 0.025164 0.028125
0 0.818792 0.821094 0.023610 0.029687
