8 0.102344 0.090625 0.204687 0.181250
8 0.132031 0.296875 0.264062 0.543750
5 0.634375 0.284375 0.409375 0.568750
4 0.570312 0.460156 0.281250 0.217188
2 0.615625 0.043750 0.168750 0.087500
1 0.578125 0.160479 0.200000 0.227327
9 0.166406 0.672754 0.035937 0.033231
9 0.126562 0.662280 0.029687 0.026908
9 0.100781 0.650080 0.034375 0.030087
8 0.014844 0.666406 0.029687 0.042188
0 0.075000 0.660536 0.025000 0.037791
0 0.075781 0.740996 0.025000 0.039353
4 0.082031 0.699517 0.035937 0.064481
4 0.069531 0.802006 0.035937 0.078543
5 0.081250 0.715151 0.067187 0.144532
5 0.067187 0.853596 0.103125 0.269950
3 0.071875 0.766041 0.010937 0.009502
3 0.844531 0.647656 0.107813 0.157812
7 0.692969 0.775000 0.464062 0.412500
5 0.730469 0.780469 0.539062 0.423438
