8 0.303125 0.204687 0.606250 0.409375
5 0.125000 0.384375 0.040625 0.050000
9 0.700781 0.343750 0.079687 0.131250
9 0.863865 0.331716 0.087973 0.081759
7 0.782031 0.291406 0.092188 0.235937
3 0.783154 0.155471 0.028361 0.040789
0 0.778085 0.089819 0.037809 0.053343
5 0.771094 0.204687 0.114062 0.409375
1 0.325781 0.884375 0.335938 0.231250
2 0.275824 0.663773 0.309939 0.098675
5 0.309375 0.801562 0.618750 0.396875
4 0.657031 0.867969 0.076563 0.129688
2 0.652105 0.778972 0.043877 0.022130
5 0.673438 0.882812 0.109375 0.234375
