8 0.188281 0.378125 0.376563 0.221875
8 0.287500 0.307812 0.343750 0.362500
1 0.667188 0.350781 0.415625 0.251563
2 0.653906 0.153125 0.389062 0.125000
5 0.729688 0.282813 0.540625 0.412500
8 0.229687 0.744531 0.459375 0.510938
6 0.475000 0.900781 0.031250 0.179688
6 0.573176 0.757812 0.041180 0.095312
6 0.652473 0.690625 0.030078 0.067187
6 0.719483 0.660156 0.022184 0.053125
6 0.763910 0.642188 0.019023 0.046875
6 0.826323 0.627344 0.020576 0.045312
6 0.911420 0.617188 0.015834 0.035937
6 0.993433 0.614062 0.012700 0.034375
9 0.952344 0.548438 0.095312 0.109375
9 0.729688 0.871094 0.540625 0.257812
