8 0.230469 0.325000 0.460938 0.209375
6 0.764128 0.179030 0.025636 0.054833
6 0.906560 0.133768 0.024001 0.048574
6 0.998437 0.105469 0.003125 0.039062
6 0.691844 0.143456 0.016098 0.040716
6 0.774320 0.115031 0.014426 0.031332
6 0.842061 0.095895 0.009684 0.026617
6 0.607660 0.159371 0.014462 0.034457
6 0.676936 0.137900 0.012882 0.032885
6 0.902136 0.089214 0.014462 0.034457
9 0.800000 0.223438 0.400000 0.412500
0 0.354687 0.522656 0.287500 0.185938
3 0.357879 0.661525 0.194498 0.333922
7 0.295312 0.825000 0.443750 0.350000
5 0.316406 0.714844 0.554688 0.570312
0 0.928906 0.738281 0.142187 0.523438
5 0.853906 0.731250 0.292187 0.537500
