8 0.209375 0.189844 0.418750 0.379688
5 0.371875 0.010937 0.015625 0.021875
9 0.578125 0.348438 0.103125 0.062500
9 0.444531 0.337500 0.051562 0.084375
7 0.505469 0.287500 0.135937 0.184375
7 0.715625 0.317969 0.087500 0.123438
3 0.529257 0.184752 0.034639 0.045712
3 0.742829 0.237233 0.011083 0.025127
0 0.734027 0.201196 0.053534 0.070931
0 0.545291 0.120880 0.048783 0.059939
5 0.529687 0.189844 0.221875 0.379688
5 0.695312 0.239063 0.178125 0.281250
0 0.353906 0.492188 0.129688 0.171875
2 0.117188 0.456250 0.118750 0.153125
3 0.328054 0.610152 0.080097 0.071240
3 0.107591 0.581807 0.070649 0.058631
4 0.096094 0.771094 0.192188 0.457813
4 0.305469 0.814063 0.226562 0.371875
5 0.278125 0.698438 0.281250 0.603125
5 0.129688 0.689844 0.259375 0.620313
8 0.675781 0.592187 0.514062 0.425000
3 0.988281 0.500781 0.023438 0.048438
0 0.983594 0.423438 0.032813 0.087500
7 0.953906 0.650781 0.092188 0.289062
5 0.916406 0.646875 0.167187 0.534375
