8 0.204687 0.083594 0.409375 0.167187
7 0.789062 0.184375 0.421875 0.368750
5 0.704688 0.204687 0.590625 0.409375
8 0.100000 0.807031 0.200000 0.232813
2 0.967268 0.751591 0.061247 0.053480
2 0.836204 0.720324 0.053443 0.054997
2 0.741786 0.701342 0.062809 0.053489
2 0.665777 0.875216 0.051890 0.056550
0 0.590224 0.702224 0.078598 0.081705
0 0.420312 0.705469 0.021875 0.079687
3 0.422656 0.806250 0.026562 0.043750
3 0.596696 0.798277 0.044050 0.051817
3 0.752124 0.804404 0.034639 0.045512
3 0.846501 0.830416 0.045622 0.053389
3 0.972087 0.863278 0.040907 0.048674
4 0.870313 0.927344 0.134375 0.145313
4 0.767969 0.917969 0.129688 0.164062
7 0.611719 0.902344 0.154688 0.195312
7 0.457031 0.910156 0.095312 0.179688
5 0.938281 0.857812 0.123438 0.284375
5 0.871094 0.842187 0.220312 0.315625
5 0.765625 0.833594 0.215625 0.332813
5 0.678125 0.916406 0.206250 0.167187
5 0.600000 0.826562 0.234375 0.346875
5 0.475781 0.825781 0.132812 0.348438
