8 0.309375 0.089844 0.618750 0.179688
6 0.632812 0.164843 0.009375 0.018805
7 0.592969 0.607795 0.031250 0.056432
5 0.014844 0.425000 0.029687 0.078125
7 0.019531 0.412694 0.017188 0.034475
0 0.016406 0.392400 0.009375 0.010992
5 0.592969 0.619531 0.051562 0.120313
6 0.573438 0.659471 0.012500 0.036010
9 0.506250 0.295800 0.012500 0.012573
8 0.493750 0.311497 0.026562 0.034530
9 0.448437 0.282074 0.006250 0.007849
9 0.442188 0.283672 0.009375 0.009430
9 0.442969 0.296168 0.012500 0.018823
9 0.435937 0.302459 0.014063 0.018832
9 0.423438 0.282219 0.009375 0.012555
9 0.419531 0.288492 0.012500 0.015698
9 0.421094 0.311920 0.015625 0.020403
0 0.600781 0.571031 0.014063 0.017269
8 0.125000 0.562080 0.210938 0.307477
8 0.248438 0.582031 0.496875 0.804688
7 0.970313 0.601562 0.059375 0.218750
5 0.941406 0.690625 0.117188 0.412500
