8 0.198634 0.172303 0.203962 0.207423
8 0.500000 0.313281 0.218750 0.292187
8 0.304688 0.229687 0.609375 0.459375
3 0.261289 0.159386 0.009502 0.010992
2 0.260689 0.143756 0.014281 0.018832
4 0.254021 0.179657 0.020731 0.036056
5 0.260326 0.175006 0.043169 0.084620
0 0.779687 0.113281 0.203125 0.226562
3 0.727764 0.259845 0.039699 0.054915
4 0.751563 0.364844 0.228125 0.189062
4 0.897656 0.257031 0.204687 0.404687
5 0.880469 0.229687 0.239063 0.459375
5 0.765625 0.229687 0.312500 0.459375
3 0.481250 0.973437 0.078125 0.053125
2 0.503929 0.835340 0.102617 0.091216
5 0.467187 0.887500 0.284375 0.225000
8 0.804688 0.729688 0.390625 0.540625
