8 0.251563 0.146875 0.359375 0.084375
8 0.345313 0.125000 0.687500 0.128125
3 0.586036 0.178125 0.009448 0.012500
2 0.591596 0.162500 0.012582 0.014063
5 0.580469 0.170313 0.039062 0.037500
8 0.844531 0.094531 0.310937 0.189062
5 0.915625 0.150781 0.078125 0.076563
0 0.298213 0.558594 0.018941 0.032813
5 0.298935 0.568750 0.042624 0.075000
4 0.293567 0.551562 0.022102 0.039062
6 0.846427 0.645312 0.267571 0.603125
2 0.712500 0.462500 0.046875 0.137500
4 0.735156 0.874219 0.092188 0.251563
5 0.833594 0.662500 0.289062 0.675000
