9 0.839063 0.475781 0.028125 0.034375
9 0.703906 0.481250 0.023438 0.029687
9 0.430469 0.447656 0.012500 0.039062
9 0.460938 0.466406 0.075000 0.082812
9 0.500781 0.483594 0.012500 0.039062
9 0.527344 0.478906 0.043750 0.053125
8 0.175000 0.710938 0.350000 0.343750
5 0.023438 0.678125 0.014063 0.025000
6 0.799219 0.719531 0.020313 0.054688
6 0.669531 0.705469 0.017188 0.043750
6 0.544531 0.732031 0.015625 0.040625
6 0.453125 0.774219 0.020313 0.048438
6 0.449219 0.953125 0.042188 0.093750
9 0.796094 0.892188 0.407813 0.215625
4 0.979688 0.589844 0.009375 0.025000
5 0.978906 0.600000 0.015625 0.070312
