8 0.204687 0.179688 0.409375 0.359375
8 0.639844 0.179688 0.339062 0.359375
8 0.701613 0.192601 0.100110 0.144895
8 0.468464 0.218798 0.081215 0.132177
7 0.213281 0.701562 0.392188 0.596875
5 0.215625 0.679688 0.387500 0.640625
6 0.852004 0.759536 0.024019 0.050273
6 0.680801 0.766920 0.028798 0.058140
6 0.737143 0.692565 0.014444 0.032976
6 0.896054 0.734263 0.011301 0.031377
6 0.808945 0.699651 0.014372 0.026726
6 0.749080 0.673952 0.011192 0.022002
6 0.709336 0.664894 0.009630 0.021984
6 0.414062 0.667188 0.009375 0.025000
6 0.671182 0.653511 0.008049 0.020403
6 0.611871 0.647352 0.008049 0.020403
6 0.547808 0.646606 0.008012 0.017278
6 0.461780 0.653419 0.008031 0.018841
6 0.573017 0.696125 0.017660 0.040825
6 0.518611 0.671270 0.012845 0.029833
6 0.571854 0.661732 0.011228 0.025127
6 0.643629 0.671162 0.012809 0.026708
4 0.495165 0.604582 0.008012 0.017278
5 0.495110 0.609269 0.011428 0.042315
9 0.614844 0.895312 0.410938 0.209375
