8 0.289062 0.122656 0.490625 0.245312
8 0.178125 0.164844 0.356250 0.329688
8 0.800781 0.164844 0.301563 0.329688
3 0.229045 0.703458 0.091134 0.088555
3 0.416032 0.655191 0.110066 0.120023
2 0.399372 0.564766 0.100245 0.043351
2 0.247696 0.586061 0.108176 0.063755
4 0.403906 0.845313 0.307812 0.309375
4 0.155469 0.871094 0.270313 0.257812
5 0.153906 0.775781 0.307812 0.448437
5 0.358594 0.767969 0.582812 0.464062
4 0.780469 0.376563 0.185938 0.093750
4 0.709375 0.414844 0.118750 0.170313
5 0.722656 0.650000 0.145313 0.640625
5 0.800000 0.572656 0.300000 0.485938
5 0.901563 0.430469 0.153125 0.201563
5 0.961719 0.554688 0.076563 0.450000
