8 0.279687 0.314844 0.559375 0.429688
6 0.847723 0.247656 0.025355 0.060937
6 0.729963 0.211719 0.015889 0.045312
6 0.680844 0.194531 0.011147 0.035937
6 0.569531 0.262500 0.020313 0.071875
6 0.974504 0.210156 0.009539 0.028125
6 0.933197 0.192969 0.009511 0.023438
6 0.649644 0.185938 0.009502 0.021875
9 0.779687 0.421875 0.440625 0.215625
4 0.332031 0.603125 0.329688 0.146875
3 0.535156 0.561719 0.048438 0.042188
5 0.034375 0.837500 0.068750 0.325000
5 0.351562 0.727344 0.415625 0.395313
7 0.735156 0.668750 0.351562 0.278125
5 0.779687 0.764844 0.440625 0.470313
