8 0.150000 0.283594 0.300000 0.392188
5 0.624219 0.447656 0.057813 0.064062
4 0.616303 0.459375 0.023874 0.037500
8 0.761360 0.303125 0.210250 0.343750
8 0.650781 0.239844 0.698438 0.479687
9 0.445290 0.264844 0.124765 0.114062
7 0.569571 0.203125 0.017660 0.040625
0 0.576339 0.180469 0.009502 0.010937
5 0.575204 0.217188 0.032250 0.085938
9 0.896896 0.067187 0.022639 0.065625
9 0.865773 0.078125 0.055615 0.079687
1 0.244531 0.772656 0.110937 0.339062
4 0.153906 0.942969 0.292187 0.114062
5 0.150000 0.739844 0.300000 0.520312
