8 0.303125 0.232031 0.606250 0.435937
8 0.446094 0.342969 0.345313 0.214062
0 0.107319 0.250771 0.015725 0.017278
3 0.109009 0.272637 0.011019 0.014126
7 0.114669 0.305418 0.030024 0.057985
5 0.113878 0.303860 0.042897 0.122120
0 0.696875 0.025781 0.156250 0.051562
3 0.692379 0.116832 0.058185 0.064399
7 0.743750 0.258594 0.250000 0.382812
5 0.767188 0.225000 0.296875 0.450000
5 0.171875 0.876563 0.343750 0.212500
7 0.745313 0.571875 0.093750 0.243750
7 0.889062 0.532813 0.068750 0.165625
5 0.900000 0.668750 0.109375 0.437500
5 0.776563 0.725000 0.234375 0.550000
9 0.738833 0.585436 0.160239 0.149365
9 0.643750 0.579688 0.050000 0.084375
