8 0.038281 0.146094 0.076563 0.154688
8 0.264844 0.294531 0.529687 0.589063
4 0.187358 0.187035 0.030306 0.053298
2 0.175066 0.137885 0.014244 0.015707
5 0.187176 0.171410 0.044786 0.089317
8 0.357679 0.119634 0.140281 0.105497
1 0.873437 0.432812 0.253125 0.312500
2 0.850781 0.186719 0.298438 0.229687
5 0.764844 0.307031 0.470313 0.564063
9 0.048894 0.716747 0.053689 0.048747
9 0.069787 0.699436 0.063282 0.067551
9 0.096241 0.689907 0.063318 0.070676
9 0.128254 0.688158 0.033340 0.045503
9 0.140636 0.677929 0.061683 0.064417
9 0.301456 0.734029 0.042642 0.039308
9 0.425120 0.752842 0.063045 0.047239
9 0.418570 0.727097 0.041025 0.034611
9 0.402419 0.749067 0.048965 0.045594
9 0.506250 0.754687 0.046875 0.050000
8 0.201048 0.901030 0.109394 0.136565
8 0.193179 0.627620 0.026962 0.034530
9 0.247276 0.643713 0.026835 0.023592
9 0.265981 0.639697 0.023710 0.023574
9 0.302563 0.627765 0.011174 0.020376
9 0.288564 0.633315 0.029978 0.025173
