8 0.470313 0.167969 0.337500 0.335938
0 0.969531 0.153125 0.060937 0.118750
3 0.955469 0.197656 0.034375 0.071875
0 0.901563 0.202344 0.039062 0.057813
7 0.929688 0.303906 0.090625 0.129688
7 0.953906 0.299219 0.092188 0.139063
5 0.932031 0.184375 0.135937 0.368750
5 0.925000 0.232813 0.150000 0.271875
3 0.130469 0.915625 0.245312 0.168750
1 0.361719 0.755469 0.554688 0.489063
2 0.325000 0.475000 0.628125 0.212500
2 0.046094 0.610156 0.092188 0.276562
5 0.197656 0.713281 0.395313 0.573438
5 0.321875 0.684375 0.634375 0.631250
5 0.819531 0.684375 0.360938 0.631250
4 0.819531 0.897656 0.360938 0.204687
1 0.853125 0.750000 0.293750 0.293750
2 0.819531 0.460156 0.360938 0.182812
