8 0.202344 0.194531 0.404687 0.389062
7 0.303559 0.367188 0.039308 0.042188
5 0.303906 0.360156 0.067187 0.057813
7 0.077855 0.353906 0.050300 0.051562
5 0.081053 0.341406 0.050445 0.076563
8 0.665625 0.225781 0.431250 0.326562
8 0.784375 0.314063 0.431250 0.150000
7 0.704209 0.177344 0.028334 0.035937
5 0.703446 0.174219 0.031514 0.045312
0 0.318444 0.810156 0.062900 0.068750
0 0.134537 0.729688 0.097557 0.117188
5 0.295312 0.886719 0.165625 0.226562
5 0.135156 0.831250 0.270313 0.337500
4 0.135937 0.892188 0.200000 0.215625
4 0.296094 0.932813 0.098437 0.134375
4 0.421955 0.743750 0.017387 0.034375
0 0.425235 0.717187 0.014153 0.015625
5 0.424172 0.765625 0.036619 0.117188
8 0.514062 0.854688 0.128125 0.234375
8 0.971094 0.661719 0.057813 0.107813
4 0.659459 0.783594 0.017369 0.031250
2 0.661163 0.759375 0.004733 0.007812
5 0.649253 0.792188 0.028580 0.078125
8 0.647656 0.722656 0.395313 0.432812
