8 0.285938 0.279687 0.365625 0.559375
4 0.563281 0.022656 0.129688 0.045312
4 0.547656 0.124219 0.157812 0.248438
4 0.969531 0.074219 0.060937 0.135937
0 0.663281 0.070312 0.095312 0.140625
3 0.630296 0.145043 0.025191 0.033103
3 0.991406 0.020313 0.017188 0.040625
5 0.559375 0.034375 0.181250 0.068750
5 0.591406 0.279687 0.245312 0.559375
5 0.890625 0.279687 0.218750 0.559375
4 0.075781 0.814063 0.151562 0.371875
5 0.085938 0.779687 0.171875 0.440625
1 0.596094 0.764844 0.254688 0.270313
4 0.682031 0.917188 0.426563 0.165625
5 0.734375 0.779687 0.531250 0.440625
