8 0.216406 0.284375 0.432812 0.568750
0 0.927344 0.121875 0.145313 0.243750
0 0.771094 0.184163 0.167187 0.183785
0 0.500781 0.196094 0.082812 0.135937
3 0.487500 0.329688 0.056250 0.078125
3 0.735938 0.344115 0.103125 0.092787
3 0.944531 0.443750 0.110937 0.171875
4 0.703125 0.491406 0.275000 0.154688
4 0.517188 0.466406 0.115625 0.204687
5 0.552344 0.346094 0.185938 0.445312
5 0.703906 0.325000 0.354687 0.487500
5 0.892969 0.284375 0.214062 0.568750
8 0.229687 0.784375 0.459375 0.431250
8 0.765625 0.694531 0.462500 0.251563
7 0.849219 0.702115 0.018750 0.023547
5 0.845313 0.709123 0.029687 0.054860
8 0.963281 0.873437 0.073438 0.203125
