8 0.033594 0.047656 0.067187 0.095312
8 0.209375 0.279687 0.418750 0.559375
4 0.182130 0.092716 0.025309 0.053270
2 0.176956 0.041903 0.012582 0.014135
5 0.183783 0.077100 0.034893 0.089262
8 0.358594 0.047656 0.120313 0.095312
4 0.524219 0.121094 0.210938 0.242188
5 0.571875 0.254688 0.306250 0.509375
8 0.527565 0.770469 0.215226 0.201245
8 0.709375 0.779687 0.581250 0.440625
2 0.526984 0.736089 0.012591 0.015698
3 0.530000 0.754857 0.011019 0.014126
5 0.538457 0.778345 0.041243 0.106486
4 0.532947 0.785344 0.015870 0.042278
