8 0.229687 0.358594 0.459375 0.201563
8 0.803906 0.229687 0.392188 0.459375
7 0.856128 0.313133 0.025600 0.051708
5 0.841875 0.329458 0.051455 0.125291
4 0.114062 0.553125 0.228125 0.187500
5 0.156250 0.686719 0.312500 0.454688
0 0.717612 0.639814 0.072984 0.095731
0 0.576660 0.667121 0.079143 0.087955
2 0.841604 0.660068 0.078816 0.059830
2 0.475781 0.658594 0.032813 0.076563
3 0.849088 0.755430 0.036665 0.062709
3 0.712715 0.724948 0.041061 0.037736
3 0.567820 0.755357 0.041134 0.043986
4 0.551562 0.882812 0.109375 0.234375
4 0.716529 0.867167 0.118498 0.247548
4 0.893750 0.885156 0.112500 0.229687
5 0.853125 0.812500 0.200000 0.375000
5 0.714844 0.793750 0.179688 0.412500
5 0.541406 0.808594 0.160938 0.382812
