8 0.169531 0.209375 0.339062 0.418750
0 0.512313 0.095298 0.092533 0.060448
0 0.364844 0.107031 0.051562 0.073438
0 0.662063 0.140012 0.108194 0.066880
4 0.676760 0.299569 0.150973 0.168933
4 0.490360 0.242709 0.130506 0.142134
4 0.367188 0.251563 0.056250 0.140625
3 0.353906 0.165625 0.029687 0.031250
3 0.515097 0.153928 0.043941 0.033322
3 0.640642 0.196017 0.043932 0.031759
5 0.380469 0.241406 0.082812 0.354687
5 0.519531 0.239844 0.235937 0.357812
5 0.664844 0.260156 0.198437 0.317188
1 0.169531 0.783594 0.339062 0.235937
2 0.169531 0.502344 0.339062 0.167187
5 0.169531 0.709375 0.339062 0.581250
8 0.743750 0.709375 0.512500 0.581250
4 0.593118 0.604447 0.031441 0.033176
3 0.590910 0.580982 0.012573 0.012645
2 0.590211 0.566911 0.015698 0.012682
5 0.598536 0.613104 0.050627 0.108394
9 0.477043 0.680445 0.034630 0.044150
