8 0.242969 0.125000 0.073438 0.250000
8 0.235156 0.125000 0.089063 0.250000
5 0.871097 0.071094 0.050736 0.126562
4 0.872741 0.057031 0.026853 0.050000
0 0.873754 0.017188 0.011001 0.010937
6 0.201297 0.598437 0.033158 0.059375
6 0.252551 0.517188 0.015825 0.034375
6 0.262821 0.497656 0.012636 0.023438
6 0.222242 0.489844 0.011074 0.023438
6 0.182443 0.482031 0.009502 0.021875
6 0.120734 0.480469 0.009493 0.020313
6 0.054296 0.485938 0.011047 0.018750
6 0.083701 0.534375 0.020558 0.042188
6 0.025226 0.514062 0.015807 0.031250
6 0.079995 0.500000 0.014217 0.026562
6 0.154986 0.501563 0.014226 0.028125
5 0.001563 0.451562 0.003125 0.043750
9 0.139844 0.810156 0.279687 0.379688
0 0.388915 0.765625 0.100409 0.070312
0 0.314063 0.794531 0.068750 0.139063
0 0.328906 0.301563 0.098437 0.078125
3 0.328906 0.254688 0.060937 0.009375
3 0.292969 0.262500 0.026562 0.025000
3 0.359727 0.814063 0.045649 0.057813
3 0.409622 0.832031 0.054915 0.039062
4 0.357031 0.936719 0.154688 0.126562
5 0.476562 0.840625 0.393750 0.318750
5 0.501760 0.840625 0.321903 0.273438
