8 0.150000 0.264844 0.300000 0.529687
0 0.961631 0.064668 0.022111 0.020567
0 0.897514 0.059235 0.011119 0.015752
0 0.914528 0.044591 0.025345 0.029978
0 0.910177 0.073443 0.044186 0.038009
0 0.820206 0.061460 0.023728 0.025273
0 0.767962 0.069445 0.045803 0.042715
0 0.721978 0.078283 0.015843 0.018932
0 0.708715 0.079691 0.017406 0.018950
0 0.675811 0.071497 0.031595 0.030051
0 0.632543 0.045216 0.023710 0.023710
0 0.590625 0.019531 0.037500 0.039062
0 0.603219 0.076120 0.066461 0.072639
0 0.540237 0.101165 0.020585 0.023674
0 0.518244 0.090754 0.012609 0.009520
7 0.520861 0.114219 0.014390 0.028289
0 0.501820 0.089001 0.025291 0.025291
0 0.458633 0.069751 0.030015 0.028470
0 0.397886 0.085448 0.023728 0.025273
0 0.353464 0.094305 0.020585 0.023674
0 0.308594 0.088281 0.017188 0.029687
7 0.317188 0.174219 0.034375 0.114062
7 0.355191 0.175564 0.060466 0.094441
7 0.398895 0.172167 0.034049 0.106632
7 0.457380 0.163474 0.059122 0.113173
7 0.499549 0.162402 0.048002 0.097420
7 0.535514 0.165164 0.035339 0.083212
7 0.640456 0.121079 0.035320 0.081650
7 0.709460 0.143754 0.038355 0.073874
7 0.724222 0.136895 0.010030 0.056359
7 0.796133 0.140857 0.017460 0.023637
7 0.823450 0.138831 0.062028 0.094459
7 0.885087 0.132518 0.021367 0.090861
7 0.917027 0.125078 0.057050 0.069405
7 0.959269 0.130257 0.040026 0.083267
7 0.919253 0.182128 0.078272 0.147766
7 0.768599 0.191311 0.086248 0.161919
7 0.672905 0.157389 0.069968 0.105487
7 0.572641 0.133569 0.050001 0.134939
7 0.616438 0.272341 0.096641 0.249528
3 0.961931 0.090449 0.012645 0.012645
3 0.905136 0.110098 0.020531 0.018986
3 0.821315 0.089594 0.014226 0.014226
3 0.780190 0.113331 0.008049 0.020403
3 0.722214 0.098596 0.007940 0.011028
3 0.708951 0.100004 0.011047 0.009502
3 0.678510 0.101993 0.017369 0.015825
0 0.688584 0.095080 0.006450 0.017260
3 0.634405 0.071015 0.014208 0.012664
3 0.628819 0.127974 0.006577 0.028198
3 0.542045 0.122277 0.009502 0.011047
3 0.502138 0.116345 0.014208 0.012664
3 0.460550 0.100238 0.018914 0.014281
1 0.395043 0.109631 0.008049 0.020403
3 0.353764 0.120086 0.015789 0.014244
3 0.306250 0.120313 0.012500 0.018750
5 0.312500 0.235156 0.025000 0.317188
5 0.317969 0.225000 0.035937 0.306250
5 0.358761 0.213882 0.067153 0.266370
5 0.388440 0.213446 0.076710 0.282105
5 0.462586 0.208060 0.070769 0.308594
5 0.517645 0.106370 0.017678 0.042387
5 0.503910 0.201510 0.057615 0.252199
5 0.538203 0.194879 0.041553 0.214517
5 0.580469 0.228125 0.079687 0.456250
5 0.640319 0.109360 0.040862 0.155142
5 0.675967 0.219135 0.086631 0.329089
5 0.710550 0.170325 0.044533 0.202053
5 0.719798 0.159497 0.030252 0.183140
5 0.770980 0.261641 0.098750 0.430778
5 0.828628 0.181073 0.070297 0.267969
5 0.886786 0.144255 0.042807 0.187973
5 0.910504 0.101568 0.075183 0.150855
5 0.962576 0.145918 0.052200 0.189644
5 0.929688 0.250000 0.140625 0.400000
5 0.616406 0.282031 0.107813 0.495312
4 0.127344 0.573438 0.254688 0.087500
5 0.132812 0.709375 0.265625 0.359375
