8 0.245208 0.139063 0.219751 0.220312
8 0.475781 0.204687 0.260937 0.409375
6 0.980469 0.262500 0.039062 0.093750
6 0.781617 0.223438 0.044768 0.087500
6 0.722677 0.126562 0.020822 0.043750
6 0.846969 0.132812 0.019223 0.040625
6 0.992188 0.141406 0.015625 0.039062
6 0.712500 0.112500 0.006250 0.034375
6 0.969561 0.127344 0.014444 0.032813
9 0.854688 0.325000 0.290625 0.168750
8 0.354687 0.705469 0.709375 0.589063
8 0.209375 0.874219 0.418750 0.251563
7 0.501939 0.833594 0.030069 0.032813
2 0.505481 0.802344 0.015825 0.017188
5 0.491092 0.841406 0.060520 0.098437
