8 0.254688 0.234375 0.509375 0.468750
8 0.165625 0.371094 0.331250 0.195312
4 0.439445 0.296895 0.044105 0.061192
2 0.434444 0.242962 0.020467 0.026681
5 0.435435 0.278904 0.056859 0.105015
7 0.693874 0.296228 0.025273 0.047020
5 0.711303 0.337734 0.079325 0.206705
8 0.754687 0.234375 0.490625 0.468750
4 0.146094 0.542969 0.267188 0.148438
5 0.246875 0.734375 0.493750 0.531250
8 0.759375 0.734375 0.481250 0.531250
7 0.661357 0.717339 0.045603 0.050264
5 0.659763 0.711861 0.080106 0.072339
7 0.909613 0.687534 0.058167 0.061274
5 0.905629 0.674230 0.061456 0.089417
