8 0.332813 0.150000 0.553125 0.300000
2 0.434300 0.825870 0.126944 0.066361
2 0.330916 0.735422 0.131732 0.083576
2 0.065964 0.618252 0.125754 0.130415
2 0.114062 0.306250 0.087500 0.012500
2 0.281250 0.321094 0.068750 0.042188
2 0.454028 0.389251 0.039190 0.022102
3 0.455427 0.417386 0.023537 0.017324
3 0.286118 0.378118 0.039262 0.034602
3 0.105790 0.352849 0.051808 0.042487
3 0.029687 0.700000 0.059375 0.050000
3 0.328735 0.841663 0.072093 0.037918
4 0.553906 0.698438 0.110937 0.143750
4 0.457031 0.934375 0.304688 0.131250
4 0.297176 0.894606 0.138673 0.202362
4 0.042969 0.768750 0.085938 0.290625
4 0.090301 0.463700 0.179152 0.177599
4 0.275321 0.488215 0.123057 0.203834
4 0.444235 0.461072 0.075391 0.067624
5 0.448609 0.515005 0.106342 0.284984
5 0.551562 0.725781 0.115625 0.370312
5 0.389062 0.892188 0.440625 0.215625
5 0.281250 0.834375 0.268750 0.331250
5 0.087500 0.772656 0.175000 0.454688
5 0.272656 0.525781 0.182812 0.451562
5 0.100781 0.517188 0.201563 0.434375
1 0.692187 0.754687 0.165625 0.490625
2 0.714063 0.350000 0.209375 0.100000
4 0.804688 0.928125 0.390625 0.143750
5 0.804688 0.650000 0.390625 0.700000
