8 0.244531 0.229687 0.489063 0.459375
2 0.984375 0.012500 0.031250 0.025000
4 0.967187 0.076563 0.065625 0.112500
5 0.947656 0.151562 0.104688 0.303125
9 0.454688 0.593750 0.068750 0.268750
0 0.313955 0.723437 0.018850 0.017188
5 0.303440 0.796094 0.068169 0.168750
7 0.013281 0.779687 0.026562 0.062500
0 0.017902 0.730469 0.018886 0.023438
5 0.017969 0.809375 0.035937 0.187500
8 0.744531 0.723437 0.510938 0.528125
8 0.823438 0.650000 0.353125 0.381250
0 0.857792 0.594531 0.015698 0.012500
3 0.853963 0.607812 0.009430 0.009375
4 0.852491 0.623437 0.022066 0.032813
5 0.857992 0.628906 0.050482 0.082812
