8 0.126562 0.208594 0.253125 0.332813
8 0.164062 0.331250 0.328125 0.096875
4 0.027349 0.146317 0.012627 0.022020
2 0.024106 0.126041 0.009439 0.011047
5 0.029652 0.139258 0.026817 0.044059
8 0.828125 0.296875 0.334375 0.165625
8 0.779687 0.042188 0.146875 0.084375
4 0.749293 0.327413 0.014190 0.022039
2 0.747617 0.307900 0.007858 0.007903
5 0.750824 0.321926 0.026772 0.036247
8 0.235156 0.643750 0.329688 0.528125
2 0.657813 0.432812 0.109375 0.106250
3 0.681033 0.484316 0.066089 0.080451
7 0.724774 0.616629 0.145568 0.314173
5 0.732031 0.689844 0.342187 0.620313
