8 0.298438 0.146875 0.062500 0.293750
8 0.164844 0.256250 0.329688 0.365625
5 0.981250 0.219531 0.037500 0.439063
5 0.446875 0.219531 0.234375 0.439063
5 0.550000 0.219531 0.334375 0.439063
4 0.985938 0.082031 0.028125 0.164062
7 0.536719 0.117188 0.260937 0.234375
7 0.388281 0.106250 0.117188 0.212500
6 0.249219 0.621094 0.160938 0.364063
2 0.173721 0.648381 0.084866 0.084866
3 0.212299 0.833319 0.070949 0.109784
4 0.207813 0.942969 0.206250 0.114062
5 0.175781 0.803125 0.307812 0.393750
8 0.664844 0.719531 0.670312 0.560937
8 0.586719 0.643750 0.514062 0.406250
5 0.376373 0.618517 0.040952 0.056486
4 0.381860 0.621610 0.026735 0.029842
7 0.800298 0.834027 0.023810 0.064199
4 0.744851 0.838256 0.009602 0.039117
5 0.723031 0.847758 0.063354 0.147239
