8 0.225000 0.234375 0.450000 0.468750
8 0.942187 0.043750 0.115625 0.087500
8 0.715625 0.234375 0.531250 0.468750
7 0.624219 0.450000 0.026562 0.037500
7 0.455469 0.035156 0.010937 0.042188
4 0.474403 0.254700 0.025473 0.040770
0 0.469324 0.221134 0.017497 0.026662
5 0.463281 0.063281 0.026562 0.126562
5 0.476562 0.266406 0.053125 0.129688
5 0.619531 0.440625 0.039062 0.056250
5 0.273438 0.734375 0.334375 0.531250
5 0.190625 0.734375 0.381250 0.531250
7 0.150157 0.666791 0.297386 0.314209
7 0.302955 0.637775 0.154653 0.266507
0 0.046094 0.482031 0.092188 0.026562
0 0.195312 0.514844 0.143750 0.092188
0 0.055469 0.532031 0.110937 0.104688
8 0.792969 0.713281 0.414062 0.489063
8 0.656250 0.734375 0.412500 0.531250
