8 0.064062 0.297656 0.128125 0.364063
8 0.144531 0.350781 0.289062 0.257812
9 0.547967 0.435986 0.034557 0.031450
9 0.611862 0.406708 0.029842 0.026735
9 0.586167 0.421701 0.028261 0.023601
8 0.850706 0.367817 0.029869 0.031423
9 0.824221 0.381252 0.031423 0.029869
3 0.886980 0.425420 0.007876 0.010983
0 0.886090 0.406675 0.020503 0.032931
5 0.887500 0.435156 0.056250 0.089063
4 0.750161 0.409028 0.026881 0.054842
0 0.745246 0.369993 0.015743 0.020403
5 0.753906 0.417969 0.054688 0.123438
6 0.217969 0.666406 0.142187 0.373437
6 0.135937 0.739844 0.271875 0.520312
5 0.666349 0.628304 0.025455 0.078270
7 0.662370 0.615827 0.014262 0.034457
0 0.666939 0.595487 0.007876 0.010983
8 0.545219 0.757138 0.190781 0.296412
8 0.606250 0.739844 0.634375 0.520312
5 0.724721 0.858441 0.063036 0.092551
4 0.741917 0.859904 0.018968 0.037609
