8 0.134375 0.307031 0.268750 0.485938
7 0.670312 0.122616 0.170313 0.226982
3 0.642969 0.031527 0.039062 0.053580
5 0.724219 0.275000 0.264062 0.550000
0 0.057813 0.992057 0.006250 0.006323
5 0.062500 0.993750 0.015625 0.012500
7 0.078125 0.892602 0.009375 0.012609
5 0.080469 0.901169 0.018750 0.040843
7 0.146094 0.899624 0.007812 0.012591
5 0.146875 0.905084 0.015625 0.031432
7 0.221875 0.885461 0.006250 0.009448
5 0.221875 0.887023 0.009375 0.021984
6 0.529687 0.907813 0.343750 0.184375
6 0.677344 0.775000 0.429688 0.450000
