8 0.310937 0.169531 0.550000 0.339062
8 0.194531 0.189844 0.389062 0.298438
5 0.797656 0.089844 0.310937 0.179688
5 0.753125 0.169531 0.246875 0.339062
2 0.422656 0.410938 0.414062 0.143750
3 0.377344 0.644531 0.504687 0.260937
4 0.314844 0.874219 0.629687 0.251563
5 0.314844 0.669531 0.629687 0.660937
8 0.746875 0.606250 0.234375 0.534375
8 0.814844 0.764844 0.370312 0.470313
5 0.982812 0.733594 0.034375 0.057813
2 0.978436 0.710967 0.014135 0.012664
3 0.977728 0.723476 0.007885 0.012591
4 0.984069 0.739029 0.020531 0.037736
