8 0.302344 0.119531 0.514062 0.239063
8 0.924219 0.199219 0.151562 0.079687
9 0.757203 0.086753 0.028507 0.032976
9 0.731394 0.088946 0.028489 0.031414
9 0.705622 0.088015 0.028543 0.036101
9 0.680613 0.088651 0.030069 0.032985
9 0.645439 0.090009 0.031632 0.032994
9 0.619639 0.091421 0.028489 0.031414
9 0.594612 0.093620 0.030051 0.031423
9 0.571875 0.093750 0.025000 0.031250
6 0.951589 0.100384 0.014172 0.009457
8 0.760938 0.119531 0.403125 0.239063
0 0.199706 0.519152 0.022257 0.032940
5 0.198806 0.529304 0.047748 0.075273
4 0.202913 0.512139 0.023892 0.039199
3 0.910156 0.965625 0.076563 0.068750
2 0.883752 0.819134 0.101018 0.088082
5 0.885156 0.867188 0.229687 0.265625
