8 0.154688 0.084375 0.309375 0.168750
8 0.654687 0.084375 0.690625 0.168750
4 0.571094 0.006250 0.032813 0.012500
5 0.065625 0.584375 0.131250 0.831250
5 0.894911 0.644084 0.023628 0.032949
7 0.898830 0.646451 0.012627 0.021948
8 0.881761 0.666663 0.234785 0.340417
9 0.952344 0.231250 0.095312 0.125000
9 0.887982 0.258901 0.109884 0.088136
9 0.801304 0.265428 0.102026 0.080278
9 0.518097 0.330184 0.076972 0.070758
9 0.562601 0.325756 0.098928 0.084948
9 0.360938 0.329688 0.103125 0.168750
8 0.559240 0.419483 0.083458 0.111419
8 0.667969 0.419531 0.545312 0.501563
0 0.311719 0.382031 0.004687 0.010937
4 0.342843 0.419786 0.022111 0.040752
2 0.335621 0.386933 0.011001 0.011001
5 0.339714 0.418987 0.036392 0.078334
7 0.317188 0.408594 0.015625 0.035937
5 0.318750 0.408594 0.018750 0.073438
7 0.336720 0.441625 0.012600 0.017260
5 0.334331 0.433799 0.017387 0.034475
