8 0.204687 0.080469 0.187500 0.160938
8 0.247656 0.307043 0.160938 0.343124
8 0.051562 0.407813 0.103125 0.206250
8 0.636719 0.167187 0.514062 0.334375
5 0.746094 0.055925 0.029687 0.051735
3 0.056250 0.708103 0.070312 0.059784
5 0.093750 0.767969 0.187500 0.432812
5 0.240625 0.714063 0.196875 0.390625
9 0.169531 0.759375 0.339062 0.481250
7 0.385156 0.654687 0.092188 0.271875
7 0.753125 0.666195 0.170313 0.224428
0 0.632031 0.622368 0.079687 0.133276
3 0.667188 0.670601 0.021875 0.034502
5 0.741406 0.765625 0.301563 0.468750
5 0.412500 0.759375 0.146875 0.481250
