8 0.204687 0.324219 0.409375 0.451562
8 0.204687 0.170313 0.409375 0.340625
1 0.718750 0.299171 0.431250 0.425946
2 0.754687 0.039062 0.418750 0.078125
4 0.704688 0.428125 0.590625 0.243750
5 0.704688 0.275000 0.590625 0.550000
8 0.204687 0.775000 0.409375 0.450000
7 0.662500 0.800471 0.018750 0.031359
0 0.657031 0.777847 0.006250 0.009411
5 0.664062 0.815306 0.034375 0.086137
5 0.996094 0.596875 0.007812 0.025000
8 0.975781 0.603125 0.048438 0.106250
9 0.967969 0.633069 0.029687 0.040798
9 0.935156 0.662166 0.059375 0.080033
7 0.991406 0.639183 0.010937 0.020376
5 0.992188 0.646875 0.015625 0.053125
8 0.844531 0.861719 0.220312 0.276562
5 0.777344 0.984375 0.057813 0.031250
8 0.704688 0.775000 0.590625 0.450000
