8 0.218750 0.264844 0.437500 0.529687
6 0.961599 0.362833 0.045822 0.087764
6 0.980262 0.213500 0.014217 0.026644
6 0.969370 0.221376 0.015816 0.032903
6 0.896491 0.183518 0.020512 0.034493
6 0.767271 0.130362 0.022130 0.043877
6 0.920591 0.163065 0.012636 0.023510
9 0.740625 0.325000 0.103125 0.409375
6 0.873498 0.125837 0.011056 0.020376
6 0.844442 0.100224 0.011047 0.018814
9 0.874779 0.077391 0.033067 0.043941
8 0.523438 0.911719 0.231250 0.176563
6 0.353032 0.956194 0.025491 0.084520
8 0.321059 0.832157 0.194532 0.135502
8 0.844531 0.764844 0.310937 0.470313
