8 0.304688 0.194531 0.609375 0.389062
4 0.625000 0.075000 0.031250 0.125000
5 0.815625 0.111719 0.368750 0.223438
5 0.639062 0.152344 0.059375 0.304688
0 0.337500 0.679562 0.096875 0.066189
0 0.516406 0.679822 0.118750 0.081941
0 0.192188 0.734186 0.112500 0.075655
4 0.190625 0.895895 0.165625 0.180651
4 0.371875 0.825856 0.140625 0.152381
4 0.535937 0.821094 0.146875 0.154688
0 0.310156 0.421591 0.084375 0.061428
5 0.154688 0.405842 0.084375 0.033303
5 0.486719 0.402344 0.104688 0.026562
3 0.514062 0.739183 0.057813 0.036274
3 0.339844 0.738951 0.046875 0.037773
3 0.217969 0.789804 0.046875 0.034648
5 0.307812 0.414062 0.100000 0.050000
5 0.517969 0.814063 0.182812 0.371875
5 0.546094 0.750000 0.126562 0.500000
5 0.345313 0.818750 0.271875 0.362500
5 0.203125 0.844531 0.234375 0.310937
3 0.978906 0.857812 0.042188 0.093750
3 0.819531 0.831819 0.118750 0.127253
2 0.827344 0.741240 0.103125 0.052162
2 0.960938 0.744531 0.078125 0.073438
4 0.842187 0.925781 0.315625 0.148438
5 0.804688 0.840625 0.390625 0.318750
