8 0.124219 0.075781 0.248438 0.151562
8 0.184375 0.289844 0.368750 0.579688
3 0.521388 0.217969 0.025109 0.018750
2 0.521492 0.200000 0.034511 0.023438
4 0.526647 0.253906 0.067533 0.059375
5 0.525548 0.308594 0.162419 0.254688
5 0.169531 0.830469 0.210938 0.339062
5 0.064844 0.895312 0.129688 0.209375
5 0.021094 0.853906 0.042188 0.292187
4 0.057778 0.916406 0.067778 0.101562
4 0.137675 0.880469 0.101200 0.206250
3 0.021373 0.862500 0.011019 0.014063
3 0.153954 0.767969 0.023647 0.035937
0 0.025781 0.830469 0.051562 0.067187
0 0.133215 0.707031 0.077026 0.079687
5 0.696094 0.603906 0.054688 0.048438
