8 0.339844 0.390625 0.679688 0.781250
1 0.802344 0.582812 0.245312 0.281250
2 0.794531 0.304688 0.229687 0.140625
4 0.839844 0.742969 0.320312 0.192188
5 0.839844 0.518750 0.320312 0.640625
1 0.862294 0.880331 0.030024 0.057985
0 0.866406 0.853906 0.051562 0.029687
7 0.966406 0.860938 0.067187 0.043750
7 0.793750 0.919531 0.115625 0.160938
7 0.757031 0.904687 0.104688 0.131250
7 0.700781 0.891406 0.042188 0.104688
5 0.753125 0.919531 0.131250 0.160938
5 0.798438 0.919531 0.190625 0.160938
5 0.936719 0.860938 0.060937 0.043750
5 0.954688 0.864844 0.090625 0.051562
