8 0.141406 0.334375 0.282813 0.668750
5 0.456380 0.414623 0.020485 0.029806
7 0.453269 0.416948 0.011056 0.020376
8 0.475216 0.429575 0.201791 0.308976
9 0.371875 0.074219 0.025000 0.076563
9 0.412874 0.053444 0.091025 0.069277
9 0.681250 0.026562 0.068750 0.053125
9 0.641406 0.034375 0.089063 0.068750
8 0.675719 0.114346 0.072457 0.100418
8 0.585938 0.185156 0.453125 0.370312
7 0.964063 0.006250 0.018750 0.012500
5 0.965625 0.016406 0.028125 0.032813
5 0.963537 0.036336 0.017315 0.021975
7 0.963555 0.039461 0.015716 0.015716
0 0.959594 0.030063 0.007858 0.007858
0 0.914286 0.030581 0.007867 0.009420
0 0.881250 0.004687 0.009375 0.009375
4 0.865172 0.048263 0.018968 0.037609
2 0.861084 0.016991 0.009439 0.010992
5 0.867502 0.045933 0.030106 0.072048
7 0.887710 0.028083 0.020503 0.032931
7 0.907332 0.043821 0.014181 0.020394
5 0.907314 0.040696 0.023610 0.029824
5 0.889062 0.031250 0.028125 0.062500
7 0.876986 0.064738 0.011028 0.015689
5 0.876945 0.057707 0.014244 0.031332
5 0.179688 0.835938 0.359375 0.328125
2 0.165712 0.767794 0.229061 0.162265
1 0.210156 0.926562 0.226562 0.146875
8 0.547656 0.834375 0.376563 0.331250
