8 0.238281 0.150000 0.476562 0.300000
9 0.451562 0.117969 0.056250 0.235937
8 0.925781 0.059375 0.148438 0.118750
8 0.739844 0.150000 0.520312 0.300000
4 0.730375 0.120991 0.025655 0.056395
2 0.736471 0.067053 0.014244 0.015707
5 0.729004 0.104594 0.037047 0.095522
8 0.542969 0.076563 0.126562 0.096875
7 0.205592 0.722241 0.169878 0.232223
0 0.334408 0.662121 0.076636 0.141061
3 0.300159 0.718566 0.022275 0.034502
5 0.226562 0.792188 0.293750 0.415625
4 0.939063 0.457031 0.121875 0.314063
0 0.889062 0.323437 0.096875 0.046875
5 0.852344 0.650000 0.295312 0.700000
