8 0.300000 0.200000 0.600000 0.400000
5 0.221875 0.020313 0.065625 0.040625
2 0.933396 0.207813 0.014353 0.025000
2 0.927619 0.248438 0.019005 0.021875
3 0.926483 0.217969 0.012755 0.021875
3 0.934769 0.258594 0.007922 0.009375
4 0.929573 0.282031 0.028598 0.040625
4 0.901547 0.223438 0.047639 0.065625
5 0.912321 0.276562 0.088065 0.182812
5 0.933697 0.300781 0.049947 0.129688
1 0.482812 0.806250 0.234375 0.281250
2 0.406250 0.535937 0.387500 0.259375
4 0.303125 0.936719 0.593750 0.126562
5 0.300000 0.700000 0.600000 0.600000
4 0.917828 0.681250 0.009539 0.014063
4 0.854066 0.707031 0.030324 0.054688
2 0.916956 0.673438 0.003198 0.006250
2 0.852894 0.673438 0.017387 0.017188
5 0.917855 0.683594 0.011283 0.029687
5 0.856400 0.706250 0.043169 0.084375
