8 0.314063 0.229687 0.531250 0.459375
9 0.051562 0.368750 0.103125 0.181250
6 0.667969 0.229687 0.176563 0.459375
5 0.789844 0.229687 0.420312 0.459375
4 0.813281 0.391406 0.295312 0.135937
3 0.806434 0.275781 0.142987 0.137500
2 0.832812 0.025781 0.181250 0.051562
2 0.217387 0.490625 0.100327 0.056250
4 0.181013 0.565625 0.161737 0.137500
3 0.200708 0.537500 0.068886 0.023438
5 0.164062 0.636719 0.262500 0.354687
1 0.701562 0.896875 0.243750 0.206250
2 0.706250 0.684375 0.253125 0.193750
5 0.789844 0.782031 0.420312 0.435937
