8 0.214844 0.289844 0.429688 0.579688
8 0.130469 0.380469 0.260937 0.398438
4 0.362796 0.202319 0.045676 0.062764
2 0.357014 0.148380 0.020476 0.028243
5 0.359567 0.184332 0.060002 0.108158
4 0.741508 0.299370 0.149574 0.196176
2 0.782873 0.158209 0.056623 0.064390
5 0.710156 0.350781 0.357812 0.457813
8 0.214844 0.765625 0.429688 0.371875
8 0.375781 0.777344 0.107813 0.395313
2 0.793750 0.620313 0.137500 0.081250
3 0.689642 0.654417 0.078398 0.047330
4 0.838281 0.814063 0.323437 0.368750
4 0.669675 0.713674 0.168497 0.225973
5 0.903125 0.634375 0.193750 0.109375
5 0.762500 0.789844 0.475000 0.420312
5 0.654687 0.782813 0.340625 0.406250
5 0.503125 0.789844 0.146875 0.420312
