8 0.244531 0.325000 0.489063 0.650000
7 0.351562 0.431592 0.045312 0.048701
5 0.353125 0.426114 0.076563 0.069195
7 0.107813 0.402542 0.056250 0.059702
5 0.111719 0.389238 0.059375 0.086283
3 0.887500 0.330469 0.225000 0.239063
0 0.836719 0.221875 0.326562 0.443750
7 0.815625 0.578125 0.368750 0.143750
5 0.804688 0.325000 0.390625 0.650000
4 0.264062 0.846875 0.309375 0.306250
4 0.196875 0.696094 0.040625 0.092188
4 0.093750 0.812500 0.187500 0.325000
4 0.071094 0.694531 0.073438 0.089063
4 0.032813 0.768750 0.065625 0.237500
5 0.175781 0.702344 0.120313 0.104688
5 0.062500 0.825000 0.125000 0.350000
5 0.129688 0.825000 0.259375 0.350000
0 0.299219 0.825000 0.473438 0.350000
0 0.492969 0.825000 0.173437 0.350000
9 0.289844 0.825000 0.579688 0.350000
0 0.839063 0.699219 0.171875 0.098437
3 0.686719 0.734678 0.046875 0.061210
4 0.740625 0.928906 0.309375 0.142187
4 0.673438 0.849599 0.040625 0.114299
4 0.621875 0.850781 0.084375 0.298438
0 0.636719 0.675594 0.021875 0.040752
5 0.652344 0.784878 0.120313 0.269450
5 0.657813 0.825000 0.156250 0.350000
0 0.789844 0.825000 0.420312 0.350000
0 0.941406 0.825000 0.117188 0.350000
9 0.789844 0.825000 0.420312 0.350000
