8 0.127344 0.204687 0.254688 0.409375
8 0.194531 0.204687 0.389062 0.409375
1 0.054688 0.763281 0.109375 0.126562
2 0.018750 0.450000 0.037500 0.059375
3 0.360156 0.498437 0.057813 0.078125
2 0.048438 0.571875 0.096875 0.140625
4 0.085938 0.907813 0.171875 0.184375
4 0.310156 0.755469 0.157812 0.489063
5 0.266406 0.704688 0.245312 0.590625
5 0.020313 0.509375 0.040625 0.181250
5 0.132031 0.747656 0.264062 0.504687
0 0.507031 0.704688 0.235937 0.590625
7 0.900781 0.704688 0.198437 0.590625
5 0.694531 0.704688 0.610938 0.590625
