8 0.179688 0.334375 0.359375 0.668750
5 0.501897 0.554485 0.018932 0.031359
7 0.498004 0.556806 0.009502 0.021930
8 0.519531 0.541406 0.182812 0.254688
9 0.416081 0.171967 0.101981 0.072466
9 0.502717 0.158409 0.092569 0.066161
9 0.798816 0.160913 0.069095 0.059775
9 0.754321 0.166904 0.089462 0.069268
9 0.953906 0.106250 0.092188 0.121875
8 0.781420 0.259246 0.067778 0.101953
8 0.665004 0.257006 0.474675 0.483995
4 0.992969 0.211719 0.014063 0.039062
2 0.995000 0.177679 0.009439 0.010992
5 0.992969 0.210156 0.014063 0.076563
5 0.261719 0.742969 0.195312 0.148438
5 0.679688 0.834375 0.640625 0.331250
