8 0.416406 0.139844 0.385937 0.279687
0 0.598437 0.559375 0.021875 0.062500
0 0.432812 0.526855 0.076563 0.062945
0 0.558594 0.608837 0.042188 0.045558
0 0.284375 0.321094 0.103125 0.082812
3 0.259375 0.363346 0.059375 0.044095
3 0.412500 0.563456 0.031250 0.026744
3 0.567969 0.643267 0.026562 0.026717
4 0.576562 0.687500 0.065625 0.065625
4 0.395313 0.632887 0.115625 0.138173
4 0.114062 0.408594 0.228125 0.257812
5 0.179688 0.532031 0.359375 0.504687
5 0.542188 0.678906 0.134375 0.339062
5 0.569531 0.657031 0.079687 0.148438
5 0.419531 0.685372 0.235937 0.396685
8 0.872656 0.632031 0.254688 0.526563
