8 0.137500 0.340625 0.275000 0.496875
5 0.003906 0.242969 0.007812 0.035937
6 0.933459 0.221875 0.015870 0.042188
6 0.814545 0.193750 0.014290 0.039062
6 0.668211 0.152344 0.014281 0.037500
6 0.998437 0.218750 0.003125 0.031250
6 0.875487 0.194531 0.011101 0.028125
6 0.705953 0.462500 0.068242 0.181250
6 0.634562 0.142969 0.012682 0.031250
6 0.776123 0.169531 0.012700 0.034375
6 0.622044 0.139844 0.011119 0.031250
6 0.471022 0.098437 0.009502 0.021875
6 0.535153 0.110156 0.009493 0.020313
6 0.593810 0.121094 0.009493 0.020313
6 0.645495 0.142187 0.009502 0.021875
6 0.661852 0.133594 0.009484 0.018750
6 0.713469 0.142969 0.009475 0.017188
6 0.723784 0.170313 0.015825 0.034375
6 0.720591 0.158594 0.007949 0.023438
6 0.718229 0.155469 0.006368 0.020313
6 0.760407 0.153906 0.009475 0.017188
6 0.785485 0.167187 0.007940 0.021875
6 0.793311 0.169531 0.009502 0.021875
6 0.848834 0.178906 0.009502 0.021875
6 0.869178 0.184375 0.007940 0.021875
6 0.927050 0.194531 0.007940 0.021875
6 0.973975 0.203125 0.007912 0.017188
6 0.984131 0.203125 0.007912 0.017188
6 0.967643 0.189062 0.006332 0.014063
6 0.996581 0.194531 0.006323 0.012500
1 0.197656 0.914062 0.395313 0.171875
2 0.229687 0.702344 0.459375 0.226562
4 0.229687 0.954688 0.459375 0.090625
5 0.229687 0.794531 0.459375 0.410938
