8 0.251563 0.244531 0.496875 0.489063
0 0.554688 0.112500 0.081250 0.101562
0 0.881250 0.150781 0.146875 0.203125
0 0.686719 0.156250 0.084375 0.093750
2 0.796094 0.163281 0.062500 0.079687
3 0.548438 0.195312 0.042188 0.040625
3 0.684375 0.242188 0.045312 0.048438
3 0.805469 0.271875 0.046875 0.057813
3 0.872656 0.271875 0.059375 0.062500
4 0.902344 0.357031 0.195312 0.264062
4 0.804688 0.389844 0.081250 0.198437
4 0.678906 0.369531 0.132812 0.239063
4 0.548438 0.332031 0.096875 0.251563
5 0.571094 0.271094 0.142187 0.435937
5 0.676562 0.296094 0.237500 0.385937
5 0.785937 0.305469 0.206250 0.367188
5 0.869531 0.268750 0.260937 0.440625
9 0.438281 0.888281 0.034375 0.032813
9 0.375000 0.858594 0.031250 0.028125
9 0.400781 0.873437 0.029687 0.025000
8 0.135156 0.815625 0.029687 0.032813
9 0.160156 0.830469 0.031250 0.029687
3 0.096875 0.874219 0.009375 0.010937
0 0.097656 0.855469 0.020313 0.032813
5 0.093750 0.919531 0.059375 0.160938
4 0.234375 0.859375 0.029687 0.056250
0 0.240625 0.819531 0.015625 0.021875
5 0.230469 0.900000 0.056250 0.185938
8 0.889844 0.700781 0.220312 0.423438
8 0.651563 0.637500 0.303125 0.296875
