8 0.232813 0.299219 0.465625 0.560937
8 0.366406 0.475781 0.545312 0.526563
7 0.814063 0.475000 0.350000 0.418750
7 0.818750 0.067187 0.359375 0.134375
5 0.819531 0.087500 0.360938 0.175000
5 0.819531 0.412500 0.360938 0.584375
5 0.358594 0.893750 0.151562 0.212500
5 0.219531 0.938281 0.154688 0.123438
5 0.182812 0.892969 0.106250 0.214062
4 0.196037 0.899068 0.049037 0.103407
4 0.255469 0.975781 0.054688 0.048438
4 0.337500 0.943750 0.078125 0.112500
3 0.193398 0.848300 0.020422 0.018868
3 0.234563 0.941033 0.009448 0.012555
3 0.376424 0.883955 0.018941 0.032922
0 0.193942 0.807671 0.034602 0.039262
0 0.245337 0.912844 0.045658 0.059639
0 0.370596 0.822268 0.067587 0.069141
9 0.853353 0.867191 0.075182 0.031686
9 0.712646 0.853947 0.078307 0.031705
