8 0.512500 0.337500 0.106250 0.162500
8 0.781250 0.335938 0.425000 0.165625
2 0.014063 0.589844 0.028125 0.129688
3 0.014844 0.650781 0.029687 0.085938
7 0.063281 0.791406 0.126562 0.339062
5 0.061851 0.446216 0.067451 0.046094
5 0.126562 0.752344 0.253125 0.495312
7 0.686394 0.688394 0.118442 0.216989
7 0.507031 0.723437 0.095312 0.243750
3 0.672422 0.569490 0.040843 0.037973
3 0.478906 0.583594 0.039062 0.039062
0 0.480469 0.524219 0.042188 0.060937
0 0.665073 0.514720 0.059684 0.053816
5 0.700000 0.742188 0.165625 0.515625
5 0.529687 0.742188 0.140625 0.515625
