8 0.375000 0.179688 0.750000 0.359375
8 0.592187 0.179688 0.315625 0.359375
5 0.319674 0.275235 0.078725 0.103580
8 0.875000 0.179688 0.250000 0.359375
8 0.875000 0.200781 0.250000 0.317188
8 0.566406 0.490625 0.367188 0.262500
8 0.215625 0.652344 0.431250 0.585938
5 0.608082 0.451683 0.012691 0.032885
5 0.139928 0.691133 0.085157 0.134866
5 0.135403 0.450526 0.031595 0.059557
7 0.131456 0.443518 0.011056 0.020376
7 0.157047 0.679314 0.033149 0.058003
3 0.154490 0.642609 0.011001 0.011001
2 0.152846 0.628556 0.012555 0.009448
0 0.125124 0.429492 0.009439 0.010992
8 0.922656 0.598437 0.154688 0.478125
