8 0.436719 0.378125 0.185938 0.281250
8 0.252344 0.340625 0.342187 0.356250
8 0.681250 0.189844 0.303125 0.379688
4 0.640937 0.117644 0.025345 0.029833
0 0.645261 0.086421 0.011065 0.011001
3 0.644635 0.099698 0.009484 0.009430
5 0.637740 0.111376 0.042878 0.059620
8 0.264844 0.759375 0.529687 0.481250
0 0.965625 0.596094 0.068750 0.057813
3 0.950440 0.631193 0.028398 0.023601
4 0.937150 0.697517 0.107723 0.127181
4 0.648438 0.566406 0.237500 0.095312
5 0.711719 0.681250 0.364063 0.325000
5 0.927344 0.745313 0.145313 0.368750
