8 0.096094 0.313281 0.192188 0.573438
8 0.232813 0.434375 0.465625 0.331250
7 0.703906 0.055469 0.470313 0.110937
5 0.734375 0.251563 0.531250 0.503125
7 0.339062 0.750781 0.259375 0.301563
5 0.308594 0.800000 0.320312 0.400000
3 0.660225 0.872827 0.143569 0.119577
3 0.472656 0.627344 0.007812 0.020313
2 0.628906 0.615625 0.201563 0.031250
5 0.757031 0.621875 0.067187 0.043750
5 0.507812 0.729688 0.078125 0.259375
5 0.728906 0.800000 0.520312 0.400000
4 0.683594 0.941406 0.392188 0.117188
4 0.486719 0.644531 0.035937 0.057813
