8 0.289844 0.221875 0.579688 0.443750
8 0.829688 0.225000 0.340625 0.450000
8 0.285156 0.725000 0.570312 0.550000
4 0.766622 0.921433 0.012627 0.021948
4 0.878413 0.933283 0.009457 0.014117
4 0.946523 0.957106 0.030024 0.057985
4 0.710327 0.913947 0.015761 0.023528
2 0.768094 0.905798 0.004733 0.007840
2 0.878359 0.923908 0.003161 0.006268
2 0.945537 0.921954 0.017297 0.018850
2 0.711026 0.899880 0.007867 0.009420
5 0.708796 0.919425 0.020612 0.051681
5 0.765841 0.921437 0.015880 0.043841
5 0.878427 0.935626 0.009548 0.029742
5 0.944175 0.956338 0.041125 0.086174
