8 0.178125 0.171875 0.356250 0.315625
5 0.073590 0.188968 0.025418 0.036228
2 0.023472 0.132527 0.007940 0.011028
4 0.011719 0.171875 0.023438 0.053125
5 0.014063 0.161719 0.028125 0.082812
5 0.665625 0.164844 0.512500 0.329688
1 0.215203 0.582779 0.277545 0.221950
4 0.175781 0.841406 0.351562 0.317188
2 0.249219 0.395313 0.282813 0.131250
5 0.204687 0.664844 0.409375 0.670312
5 0.041406 0.664844 0.082812 0.670312
8 0.704688 0.664844 0.590625 0.670312
8 0.925781 0.386719 0.114062 0.114062
8 0.932031 0.436719 0.135937 0.214062
8 0.958594 0.439844 0.082812 0.220312
8 0.982812 0.443750 0.034375 0.228125
