8 0.309375 0.117188 0.159375 0.234375
8 0.296875 0.332031 0.184375 0.473438
8 0.531250 0.016406 0.068750 0.032813
0 0.996875 0.115625 0.006250 0.009375
7 0.996875 0.133594 0.006250 0.026562
7 0.994531 0.148438 0.010937 0.078125
0 0.112500 0.778024 0.093750 0.103670
0 0.374219 0.685156 0.029687 0.104688
3 0.382812 0.814844 0.012500 0.064062
3 0.131250 0.920102 0.059375 0.062845
4 0.120313 0.964844 0.125000 0.070312
5 0.310156 0.815625 0.157812 0.368750
5 0.135937 0.853906 0.246875 0.292187
9 0.828906 0.873437 0.342187 0.253125
7 0.662500 0.936719 0.256250 0.126562
3 0.701562 0.867159 0.056250 0.073765
0 0.678906 0.746197 0.131250 0.132014
5 0.710156 0.836719 0.392188 0.326562
