8 0.169531 0.309375 0.339062 0.618750
8 0.669531 0.309375 0.660937 0.618750
8 0.946875 0.545312 0.106250 0.146875
8 0.169531 0.809375 0.339062 0.381250
0 0.840795 0.647173 0.012591 0.015698
3 0.840727 0.658891 0.007867 0.009420
7 0.843016 0.668280 0.023601 0.028261
5 0.844624 0.660476 0.028361 0.040789
9 0.949219 0.753906 0.101562 0.195312
9 0.891849 0.734973 0.103961 0.144350
9 0.818275 0.757983 0.197993 0.193333
9 0.760204 0.667798 0.095640 0.056805
9 0.692666 0.727563 0.171394 0.186928
9 0.579453 0.715186 0.150864 0.149310
9 0.517188 0.684375 0.193750 0.131250
9 0.400000 0.700000 0.121875 0.156250
8 0.414062 0.676562 0.150000 0.115625
8 0.814063 0.657813 0.284375 0.078125
