7 0.635156 0.102344 0.154688 0.204687
5 0.618750 0.209375 0.175000 0.418750
1 0.164844 0.708594 0.329688 0.335938
2 0.159375 0.517969 0.318750 0.076563
5 0.164844 0.729688 0.329688 0.540625
8 0.411719 0.491406 0.164062 0.145313
8 0.735938 0.709375 0.528125 0.581250
7 0.779687 0.893289 0.021875 0.036065
7 0.994531 0.856250 0.010937 0.043750
7 0.914844 0.483138 0.020313 0.040743
4 0.907813 0.693253 0.021875 0.037627
0 0.909375 0.661231 0.015625 0.025091
5 0.914844 0.503450 0.039062 0.134602
5 0.907031 0.705749 0.043750 0.120567
5 0.989062 0.886719 0.021875 0.164062
5 0.783594 0.885499 0.032813 0.059566
