6 0.282031 0.225000 0.323437 0.450000
2 0.135937 0.025781 0.153125 0.051562
3 0.090795 0.199140 0.110030 0.113136
4 0.103906 0.338281 0.207813 0.223438
5 0.221094 0.225000 0.442188 0.450000
9 0.992969 0.424219 0.014063 0.051562
9 0.936748 0.287070 0.043950 0.034630
9 0.518671 0.173881 0.036128 0.033022
9 0.486719 0.161719 0.014063 0.026562
8 0.128045 0.958124 0.044132 0.065880
0 0.075000 0.998437 0.003125 0.003125
5 0.074219 0.997656 0.010937 0.004687
7 0.165625 0.997656 0.006250 0.004687
5 0.166406 0.996875 0.010937 0.006250
8 0.189062 0.984375 0.025000 0.031250
9 0.174116 0.961762 0.026699 0.023592
9 0.149820 0.975184 0.029842 0.026735
5 0.811719 0.725000 0.376563 0.550000
