0 0.985156 0.381250 0.029687 0.046875
2 0.956303 0.251491 0.062645 0.025364
2 0.647656 0.014063 0.101562 0.028125
4 0.983594 0.318750 0.032813 0.096875
4 0.676821 0.083592 0.158576 0.132168
3 0.660601 0.051656 0.070431 0.020722
3 0.953055 0.272603 0.031341 0.015807
5 0.951562 0.352344 0.096875 0.232813
5 0.698438 0.167187 0.218750 0.334375
8 0.555469 0.558594 0.067187 0.179688
8 0.175000 0.677344 0.350000 0.376563
8 0.321094 0.734375 0.535937 0.531250
3 0.554481 0.526828 0.007876 0.010983
2 0.559260 0.511176 0.012600 0.017260
4 0.558256 0.549462 0.015843 0.037591
5 0.552038 0.544029 0.031750 0.086119
1 0.720313 0.591406 0.262500 0.245312
4 0.794531 0.830469 0.410938 0.339062
5 0.794531 0.734375 0.410938 0.531250
