1 0.809375 0.235937 0.381250 0.306250
2 0.800781 0.029687 0.398438 0.059375
4 0.725781 0.432812 0.548438 0.212500
5 0.689844 0.269531 0.620313 0.539062
9 0.064844 0.629687 0.129688 0.181250
6 0.546627 0.752528 0.052162 0.103725
6 0.733459 0.639866 0.026908 0.059684
6 0.841035 0.600495 0.017442 0.043950
6 0.887024 0.583063 0.012700 0.034520
6 0.990625 0.642188 0.018750 0.068750
6 0.613755 0.608787 0.009530 0.026672
6 0.544287 0.618916 0.009530 0.026672
6 0.488074 0.624511 0.007958 0.025091
6 0.650374 0.592027 0.009502 0.021984
6 0.915090 0.573234 0.009493 0.020422
9 0.701562 0.839063 0.596875 0.321875
