4 0.521875 0.219531 0.143750 0.239063
5 0.469531 0.169531 0.279687 0.339062
1 0.487680 0.102746 0.028707 0.050164
0 0.481250 0.033594 0.090625 0.067187
9 0.676562 0.235156 0.134375 0.207813
9 0.693750 0.157812 0.168750 0.300000
9 0.851562 0.120313 0.296875 0.240625
1 0.271135 0.549376 0.404290 0.236711
2 0.293750 0.382812 0.503125 0.087500
4 0.304688 0.665625 0.609375 0.225000
5 0.304688 0.570312 0.609375 0.462500
9 0.887278 0.561876 0.102690 0.097466
7 0.947656 0.513281 0.104688 0.260937
3 0.941068 0.370170 0.034884 0.043950
5 0.926562 0.669531 0.146875 0.660937
