4 0.528137 0.187444 0.109431 0.278752
5 0.480469 0.319531 0.248438 0.639062
1 0.519621 0.039733 0.022157 0.048565
8 0.809375 0.403125 0.381250 0.471875
0 0.666118 0.403780 0.015725 0.017278
3 0.665982 0.427218 0.011028 0.015689
7 0.668912 0.460829 0.031595 0.059557
5 0.668139 0.459262 0.046058 0.128389
6 0.245312 0.707031 0.181250 0.135937
3 0.069531 0.967187 0.073438 0.065625
2 0.064233 0.811561 0.088109 0.105197
5 0.170313 0.821875 0.340625 0.356250
1 0.796875 0.910937 0.356250 0.178125
0 0.809375 0.700781 0.381250 0.123438
5 0.809375 0.819531 0.381250 0.360938
