8 0.436719 0.068750 0.364063 0.137500
8 0.809375 0.254688 0.381250 0.509375
6 0.116460 0.593750 0.022439 0.048438
6 0.218949 0.581250 0.012955 0.039062
6 0.258820 0.578906 0.009739 0.031250
6 0.285410 0.576562 0.009739 0.031250
6 0.500781 0.914062 0.117188 0.171875
6 0.324662 0.694531 0.041698 0.092188
6 0.393994 0.644531 0.024110 0.057813
6 0.423918 0.624219 0.017751 0.048438
6 0.445002 0.625000 0.012955 0.039062
6 0.456948 0.605469 0.014390 0.028125
6 0.450835 0.593750 0.012845 0.029687
6 0.304959 0.575000 0.009666 0.025000
6 0.339280 0.579688 0.008085 0.023438
6 0.059184 0.547656 0.009684 0.026562
6 0.119322 0.549219 0.014462 0.034375
9 0.309375 0.754687 0.618750 0.490625
0 0.978906 0.778125 0.042188 0.265625
5 0.870313 0.754687 0.259375 0.490625
