8 0.482812 0.032813 0.328125 0.065625
8 0.490625 0.270313 0.312500 0.278125
5 0.778986 0.154875 0.020522 0.036056
4 0.779731 0.161129 0.012591 0.015698
2 0.780635 0.140040 0.009420 0.007867
8 0.857812 0.233594 0.284375 0.314063
8 0.942969 0.138281 0.114062 0.276562
0 0.217935 0.588246 0.097220 0.059939
0 0.417013 0.613624 0.073792 0.061365
0 0.278487 0.655007 0.042451 0.045558
0 0.614025 0.456952 0.100536 0.092769
3 0.624663 0.508578 0.058067 0.044086
3 0.426938 0.653527 0.029833 0.025173
3 0.259564 0.684585 0.026708 0.025155
3 0.211517 0.617116 0.053316 0.033122
7 0.125021 0.712710 0.196149 0.144886
4 0.234337 0.723502 0.072248 0.064481
4 0.424180 0.724607 0.113282 0.135030
4 0.667969 0.594531 0.064062 0.273438
5 0.589063 0.685156 0.221875 0.551562
5 0.172656 0.689063 0.345313 0.337500
5 0.239192 0.694623 0.108667 0.147502
5 0.387216 0.766581 0.231933 0.387274
8 0.850000 0.650781 0.300000 0.482812
8 0.753125 0.666406 0.106250 0.151562
8 0.968750 0.713281 0.062500 0.135937
