8 0.270313 0.230469 0.296875 0.460938
8 0.278125 0.246094 0.117188 0.156250
8 0.613281 0.321094 0.389062 0.595313
0 0.957812 0.303125 0.042188 0.037500
0 0.830469 0.356250 0.046875 0.050000
2 0.442188 0.339844 0.032813 0.026562
7 0.453125 0.405469 0.068750 0.092188
7 0.972656 0.409375 0.054688 0.140625
7 0.838281 0.459375 0.104688 0.156250
3 0.835156 0.388281 0.021875 0.028125
3 0.968750 0.334375 0.028125 0.026562
3 0.450000 0.368750 0.023438 0.023438
5 0.460156 0.386719 0.082812 0.126562
5 0.858594 0.471875 0.167187 0.293750
5 0.951562 0.446094 0.096875 0.345313
7 0.134375 0.642969 0.103125 0.048438
5 0.039062 0.725000 0.078125 0.212500
5 0.085156 0.670312 0.101562 0.103125
5 0.175000 0.745313 0.203125 0.253125
5 0.191406 0.675000 0.110937 0.112500
8 0.612500 0.809375 0.387500 0.381250
8 0.709375 0.809375 0.581250 0.381250
