8 0.096875 0.184375 0.193750 0.184375
5 0.531546 0.275389 0.049174 0.126844
4 0.529116 0.260559 0.026853 0.050155
0 0.527322 0.220725 0.011001 0.011001
8 0.239844 0.694531 0.479687 0.610938
5 0.258731 0.503896 0.029969 0.048610
0 0.663977 0.533819 0.135066 0.119532
0 0.974219 0.470313 0.051562 0.090625
4 0.946875 0.700000 0.106250 0.268750
4 0.596875 0.792969 0.234375 0.342187
5 0.612500 0.726562 0.265625 0.546875
5 0.908594 0.707812 0.182812 0.584375
3 0.640213 0.612085 0.081577 0.056723
3 0.978906 0.554688 0.042188 0.056250
