8 0.255469 0.281250 0.410938 0.437500
4 0.247099 0.322895 0.026926 0.031405
0 0.243556 0.291622 0.012627 0.011010
3 0.245736 0.305698 0.009484 0.009430
5 0.242475 0.317399 0.046040 0.062764
8 0.764844 0.098437 0.470313 0.196875
8 0.310156 0.814844 0.379688 0.370312
8 0.214844 0.518750 0.160938 0.037500
4 0.224034 0.769719 0.015898 0.023528
2 0.218783 0.750937 0.007922 0.009420
5 0.223325 0.763465 0.030124 0.037673
9 0.902344 0.517969 0.067187 0.035937
6 0.826886 0.546359 0.011119 0.015689
6 0.813569 0.549407 0.012682 0.015698
6 0.797117 0.553217 0.011119 0.015689
6 0.782228 0.557037 0.011156 0.018814
6 0.771263 0.559317 0.011174 0.020376
6 0.762642 0.561611 0.012718 0.018823
9 0.617439 0.551391 0.110411 0.089699
9 0.736089 0.560675 0.040989 0.031486
8 0.732790 0.642693 0.127999 0.124174
