8 0.614062 0.132031 0.209375 0.264062
8 0.710938 0.267188 0.403125 0.243750
8 0.943750 0.294531 0.112500 0.189062
8 0.913281 0.128906 0.129688 0.257812
7 0.985560 0.281002 0.017497 0.026662
5 0.987104 0.279449 0.022257 0.032940
0 0.988548 0.269302 0.007922 0.009420
7 0.517188 0.132812 0.015625 0.028125
0 0.513281 0.112500 0.007812 0.012500
5 0.518750 0.128906 0.018750 0.051562
8 0.254688 0.694531 0.509375 0.610938
8 0.828906 0.694531 0.342187 0.610938
0 0.517969 0.784375 0.017188 0.037500
0 0.644580 0.783781 0.049019 0.050282
2 0.987500 0.619531 0.025000 0.026562
7 0.985938 0.683594 0.028125 0.092188
7 0.536719 0.893750 0.054688 0.140625
7 0.677766 0.883186 0.108068 0.156868
3 0.652765 0.815858 0.022202 0.028252
3 0.515625 0.817969 0.012500 0.026562
3 0.991406 0.650781 0.017188 0.023438
5 0.975000 0.664844 0.050000 0.129688
5 0.684375 0.875000 0.178125 0.250000
5 0.571875 0.878125 0.125000 0.243750
