8 0.253906 0.142969 0.292187 0.285938
8 0.334097 0.080153 0.098493 0.139626
8 0.113358 0.111908 0.079598 0.127017
8 0.017188 0.109375 0.034375 0.071875
8 0.026562 0.100000 0.053125 0.087500
4 0.810670 0.201883 0.012755 0.021948
4 0.915312 0.197368 0.007976 0.014108
4 0.981073 0.208705 0.028743 0.053289
4 0.757563 0.203755 0.014317 0.021957
2 0.809716 0.187044 0.004778 0.007840
2 0.914431 0.188779 0.003198 0.006268
2 0.975232 0.176705 0.015825 0.017278
2 0.756627 0.190478 0.006341 0.007849
5 0.756836 0.208447 0.020876 0.048556
5 0.810670 0.201883 0.016098 0.040716
5 0.915339 0.199712 0.011265 0.028189
5 0.978729 0.208718 0.040008 0.081477
8 0.196094 0.785937 0.392188 0.428125
8 0.673438 0.869531 0.546875 0.260937
