8 0.269531 0.225000 0.539062 0.450000
9 0.403125 0.317188 0.271875 0.265625
0 0.280469 0.470313 0.073438 0.040625
0 0.340625 0.486815 0.021875 0.026817
0 0.364063 0.479275 0.012500 0.011083
7 0.358594 0.501868 0.017188 0.029887
0 0.380469 0.480248 0.028125 0.028452
0 0.424219 0.467475 0.032813 0.031632
0 0.483594 0.491604 0.026562 0.026872
0 0.526563 0.505385 0.023438 0.025273
7 0.510156 0.586719 0.057813 0.101562
7 0.473438 0.576642 0.045312 0.109902
7 0.415625 0.560344 0.070312 0.119568
7 0.374219 0.552831 0.057813 0.102235
7 0.338281 0.550069 0.045312 0.086465
7 0.239063 0.491406 0.043750 0.082812
7 0.167969 0.504337 0.046875 0.077108
7 0.154688 0.494808 0.015625 0.056432
7 0.082812 0.487721 0.020313 0.025236
7 0.055469 0.491406 0.070312 0.082812
7 0.005469 0.481250 0.010937 0.062500
7 0.104688 0.542663 0.103125 0.171512
7 0.203125 0.522715 0.079687 0.111865
7 0.305469 0.515625 0.064062 0.131250
7 0.246094 0.645090 0.121875 0.257668
3 0.101562 0.463721 0.010937 0.020440
3 0.160938 0.458162 0.007812 0.011028
3 0.173437 0.460651 0.010937 0.011065
3 0.203125 0.467246 0.018750 0.017406
0 0.193750 0.459325 0.007812 0.017278
3 0.250000 0.500604 0.009375 0.028234
3 0.336719 0.507863 0.009375 0.011047
3 0.376563 0.507546 0.015625 0.014244
3 0.419531 0.497108 0.020313 0.015861
1 0.483594 0.515041 0.010937 0.022002
3 0.523438 0.531130 0.017188 0.015825
5 0.525781 0.643750 0.026562 0.309375
5 0.499219 0.623437 0.079687 0.271875
5 0.478906 0.619674 0.107813 0.288755
5 0.403906 0.604688 0.104688 0.309375
5 0.362500 0.494882 0.023438 0.044023
5 0.365625 0.591794 0.085938 0.255687
5 0.332031 0.579684 0.064062 0.217933
5 0.285156 0.642969 0.129688 0.385937
5 0.239844 0.504687 0.057813 0.109375
5 0.193750 0.600000 0.121875 0.300000
5 0.164062 0.540625 0.065625 0.181250
5 0.156250 0.530469 0.050000 0.160938
5 0.094531 0.640625 0.145313 0.381250
5 0.047656 0.554688 0.095312 0.209375
5 0.011719 0.511719 0.023438 0.123438
5 0.235156 0.725000 0.179688 0.550000
8 0.769531 0.725000 0.460938 0.550000
