8 0.103125 0.388281 0.206250 0.142187
4 0.204687 0.437500 0.034375 0.043750
2 0.204687 0.399219 0.015625 0.012500
3 0.207031 0.412500 0.014063 0.010937
5 0.211719 0.425000 0.057813 0.068750
8 0.556250 0.195312 0.193750 0.390625
6 0.633594 0.325781 0.126562 0.264062
7 0.972656 0.042188 0.054688 0.084375
7 0.868750 0.046875 0.078125 0.093750
7 0.712500 0.067187 0.090625 0.134375
5 0.725781 0.160938 0.129688 0.321875
5 0.870313 0.136719 0.153125 0.273438
5 0.946094 0.175000 0.107813 0.350000
8 0.729688 0.729688 0.540625 0.540625
