8 0.026562 0.185156 0.053125 0.098437
0 0.458594 0.310937 0.001563 0.009375
7 0.457813 0.329688 0.003125 0.025000
7 0.455469 0.343750 0.007812 0.075000
8 0.729688 0.279687 0.540625 0.518750
0 0.796399 0.247317 0.015825 0.017278
3 0.794573 0.269983 0.009539 0.014117
7 0.790276 0.303599 0.030378 0.059548
5 0.790294 0.302037 0.042098 0.126799
1 0.831863 0.601038 0.226309 0.113809
4 0.538281 0.657031 0.157812 0.235937
4 0.768750 0.715625 0.462500 0.137500
5 0.544531 0.662500 0.170313 0.246875
5 0.729688 0.659375 0.540625 0.240625
