0 0.417969 0.029687 0.104688 0.059375
1 0.429959 0.091937 0.072248 0.064899
7 0.460341 0.241520 0.174874 0.248893
5 0.499219 0.239844 0.410938 0.479687
5 0.900000 0.316406 0.200000 0.326562
5 0.833594 0.305469 0.189062 0.348438
3 0.770080 0.288774 0.041016 0.067660
3 0.927806 0.305454 0.058140 0.056923
2 0.911977 0.206045 0.086365 0.074437
2 0.751563 0.184375 0.025000 0.093750
4 0.799219 0.394531 0.120313 0.170313
4 0.928906 0.396094 0.142187 0.167187
0 0.252344 0.502344 0.185938 0.045312
3 0.269371 0.583969 0.067615 0.074219
7 0.307812 0.754687 0.425000 0.490625
5 0.313281 0.739844 0.517188 0.520312
7 0.930469 0.510938 0.139063 0.062500
5 0.924219 0.617188 0.151562 0.275000
