0 0.065522 0.155738 0.059966 0.102253
0 0.157031 0.032813 0.132812 0.065625
7 0.123357 0.293356 0.228362 0.312011
5 0.043750 0.250000 0.087500 0.284375
4 0.032813 0.278906 0.065625 0.151562
5 0.139844 0.234375 0.279687 0.468750
9 0.950781 0.042969 0.098437 0.085938
7 0.892969 0.060937 0.157812 0.121875
5 0.735938 0.147656 0.190625 0.295312
5 0.821875 0.234375 0.356250 0.468750
9 0.173437 0.921094 0.109375 0.157812
9 0.345101 0.936278 0.108412 0.104380
7 0.267969 0.874219 0.145313 0.251563
7 0.060040 0.821618 0.093224 0.179198
3 0.297067 0.737605 0.037773 0.047311
3 0.071881 0.708192 0.011092 0.026690
0 0.093574 0.676687 0.056677 0.074092
0 0.305261 0.668755 0.050364 0.063082
5 0.242969 0.742188 0.298438 0.515625
5 0.075000 0.785937 0.150000 0.428125
8 0.842969 0.734375 0.314063 0.531250
4 0.967583 0.499352 0.026881 0.054997
5 0.963281 0.499219 0.042188 0.060937
