8 0.219531 0.289062 0.439063 0.578125
7 0.319531 0.391354 0.023438 0.029960
2 0.321875 0.362421 0.012500 0.011083
2 0.203125 0.515365 0.014063 0.012664
2 0.133594 0.470080 0.014063 0.017351
3 0.133594 0.484924 0.009375 0.007922
3 0.201563 0.533352 0.009375 0.009484
5 0.308594 0.392263 0.048438 0.078689
5 0.200000 0.567969 0.071875 0.123438
7 0.130469 0.519335 0.035937 0.064481
7 0.208594 0.565301 0.042188 0.073928
7 0.332031 0.597656 0.039062 0.064062
0 0.348438 0.559768 0.014063 0.015789
5 0.328906 0.587500 0.057813 0.084375
5 0.122656 0.542083 0.060937 0.166334
5 0.719531 0.314844 0.560937 0.629687
4 0.677344 0.501563 0.464062 0.256250
2 0.728125 0.088281 0.240625 0.176563
1 0.702344 0.365467 0.200000 0.214827
8 0.137500 0.713281 0.275000 0.167187
8 0.263281 0.814844 0.351562 0.370312
5 0.356250 0.726102 0.054688 0.094386
1 0.542188 0.842187 0.206250 0.315625
4 0.719531 0.957812 0.560937 0.084375
5 0.719531 0.814844 0.560937 0.370312
