8 0.269531 0.219531 0.539062 0.439063
7 0.141406 0.155469 0.282813 0.310937
7 0.152344 0.160938 0.304688 0.287500
7 0.221094 0.046094 0.139063 0.092188
5 0.239063 0.051562 0.168750 0.103125
5 0.271309 0.223297 0.151656 0.278290
5 0.153906 0.304688 0.307812 0.609375
8 0.648438 0.232031 0.218750 0.464062
9 0.323437 0.616406 0.031250 0.014063
8 0.769531 0.804688 0.460938 0.390625
8 0.677344 0.784375 0.276562 0.350000
7 0.701503 0.944971 0.033576 0.066007
4 0.646116 0.938585 0.016098 0.040807
5 0.622656 0.932813 0.085938 0.134375
