8 0.127344 0.114062 0.254688 0.200000
8 0.177344 0.373437 0.264062 0.231250
5 0.678125 0.244531 0.643750 0.489063
4 0.705469 0.325781 0.457813 0.326562
1 0.664844 0.121094 0.226562 0.242188
8 0.275781 0.710156 0.067187 0.120313
8 0.154688 0.703906 0.309375 0.429688
5 0.593430 0.863302 0.020512 0.034611
5 0.580535 0.662357 0.028425 0.051890
5 0.311719 0.808594 0.004687 0.029687
5 0.314844 0.669531 0.010937 0.045312
4 0.312500 0.664062 0.006250 0.015625
4 0.311719 0.810156 0.004687 0.014063
2 0.310937 0.651563 0.003125 0.006250
2 0.584573 0.639746 0.006286 0.006323
4 0.588375 0.657761 0.009502 0.021984
4 0.595742 0.868798 0.011019 0.014190
2 0.590382 0.849985 0.007849 0.006341
8 0.762135 0.604310 0.153889 0.133032
8 0.536719 0.636719 0.332813 0.295312
8 0.412500 0.813281 0.206250 0.173437
8 0.742188 0.871875 0.390625 0.256250
8 0.815625 0.682031 0.368750 0.385937
9 0.873577 0.518882 0.031414 0.028489
9 0.886009 0.530746 0.026681 0.020622
9 0.896942 0.531655 0.026653 0.015934
9 0.910255 0.526341 0.025109 0.019041
9 0.921165 0.531155 0.021939 0.011192
