8 0.234375 0.254688 0.468750 0.509375
2 0.193285 0.245312 0.023592 0.026562
3 0.194697 0.271094 0.017297 0.018750
4 0.192898 0.311719 0.028461 0.057813
5 0.205312 0.326562 0.065153 0.187500
1 0.792435 0.313281 0.392825 0.378125
2 0.853906 0.034375 0.292187 0.068750
4 0.734375 0.442969 0.531250 0.132812
5 0.734375 0.254688 0.531250 0.509375
8 0.234375 0.779687 0.468750 0.440625
2 0.400194 0.764844 0.032894 0.014063
5 0.421094 0.819531 0.095312 0.129688
0 0.837312 0.630469 0.022084 0.035937
0 0.928896 0.600000 0.025236 0.040625
0 0.778304 0.835938 0.020503 0.032813
0 0.711039 0.849219 0.017378 0.032813
7 0.715681 0.857031 0.039390 0.056250
7 0.841132 0.645312 0.036274 0.057813
7 0.921764 0.617188 0.056723 0.081250
7 0.910937 0.523438 0.046875 0.028125
5 0.903906 0.563281 0.070312 0.107813
5 0.905226 0.639844 0.089808 0.128125
5 0.835545 0.665625 0.059975 0.103125
5 0.778976 0.854688 0.034875 0.085938
5 0.715595 0.871875 0.041134 0.087500
