8 0.048438 0.235937 0.096875 0.184375
8 0.512500 0.189844 0.312500 0.360938
8 0.220274 0.277933 0.293478 0.223575
8 0.282813 0.087500 0.096875 0.175000
7 0.265191 0.209700 0.012636 0.023510
5 0.263624 0.208928 0.017351 0.028225
0 0.259667 0.200357 0.006305 0.009411
0 0.382538 0.370742 0.011019 0.014126
3 0.385722 0.380880 0.007858 0.007858
7 0.391241 0.389442 0.022020 0.025127
5 0.390409 0.380852 0.025218 0.037645
7 0.612198 0.230338 0.015743 0.020403
0 0.606642 0.215526 0.007858 0.007858
5 0.607556 0.238178 0.030024 0.057985
9 0.558594 0.382812 0.185938 0.093750
9 0.451562 0.400000 0.090625 0.059375
9 0.391406 0.409375 0.176563 0.040625
9 0.314844 0.407031 0.089063 0.045312
9 0.093750 0.403125 0.171875 0.053125
8 0.350379 0.349053 0.260175 0.139009
0 0.157996 0.182198 0.006295 0.007849
0 0.167362 0.180581 0.006286 0.006286
0 0.150960 0.181458 0.007849 0.006295
0 0.136993 0.197946 0.007858 0.007858
7 0.139396 0.208088 0.012573 0.012573
7 0.151828 0.196297 0.012618 0.020385
7 0.159613 0.191564 0.004742 0.009402
7 0.168193 0.189170 0.009439 0.010992
5 0.167394 0.186050 0.012609 0.018823
5 0.158804 0.186881 0.007912 0.017233
5 0.151024 0.192395 0.014235 0.029769
5 0.138596 0.204968 0.014199 0.023519
7 0.834375 0.214844 0.331250 0.429688
5 0.834375 0.214844 0.331250 0.429688
5 0.401110 0.505085 0.042715 0.090870
8 0.184473 0.600880 0.089690 0.108331
8 0.391406 0.578125 0.426563 0.296875
0 0.975000 0.557813 0.050000 0.071875
0 0.786144 0.512386 0.100709 0.122457
5 0.957031 0.758594 0.085938 0.482812
5 0.826562 0.719531 0.315625 0.560937
4 0.828777 0.723082 0.211257 0.324656
4 0.968750 0.710938 0.062500 0.193750
