8 0.207031 0.145313 0.245312 0.290625
8 0.048438 0.152344 0.096875 0.304688
9 0.354687 0.259375 0.090625 0.062500
6 0.379312 0.266317 0.017406 0.037600
8 0.827344 0.035937 0.204687 0.071875
8 0.729688 0.175000 0.540625 0.350000
5 0.982031 0.057813 0.035937 0.100000
4 0.200000 0.386719 0.143750 0.073438
4 0.210682 0.503499 0.206333 0.284003
0 0.083594 0.429688 0.110937 0.159375
3 0.109047 0.516590 0.028334 0.036101
5 0.346875 0.678125 0.106250 0.643750
5 0.210156 0.401562 0.214062 0.103125
5 0.155469 0.675000 0.310937 0.650000
8 0.858594 0.507812 0.282813 0.315625
8 0.700000 0.666406 0.600000 0.632812
4 0.577306 0.370034 0.018959 0.036047
5 0.585156 0.378125 0.045312 0.056250
