1 0.690625 0.018750 0.081250 0.037500
1 0.689386 0.179688 0.071131 0.070312
1 0.407618 0.224219 0.064953 0.076563
1 0.655469 0.502344 0.067187 0.032813
1 0.844591 0.269531 0.058503 0.059375
1 0.896094 0.032031 0.073438 0.064062
1 0.979688 0.041406 0.040625 0.082812
2 0.851196 0.171875 0.096476 0.100000
2 0.678783 0.419531 0.102690 0.096875
2 0.739844 0.492969 0.117188 0.051562
2 0.450206 0.122656 0.105615 0.079687
2 0.695955 0.085156 0.086774 0.071875
4 0.492969 0.030469 0.189062 0.060937
4 0.930469 0.260937 0.139063 0.378125
4 0.847244 0.108594 0.115608 0.132812
4 0.832031 0.407031 0.217188 0.223438
4 0.425781 0.387500 0.179688 0.262500
5 0.502344 0.053125 0.273438 0.106250
5 0.356250 0.278125 0.093750 0.481250
5 0.355469 0.418750 0.092188 0.200000
5 0.432812 0.146094 0.246875 0.292187
5 0.441406 0.292187 0.264062 0.453125
5 0.736719 0.487500 0.332813 0.062500
5 0.631250 0.440625 0.209375 0.156250
5 0.646875 0.277344 0.278125 0.482812
5 0.667188 0.192969 0.309375 0.385937
5 0.724219 0.047656 0.248438 0.095312
5 0.878906 0.125000 0.220312 0.250000
5 0.836719 0.315625 0.326562 0.406250
5 0.936719 0.397656 0.126562 0.242188
5 0.905469 0.259375 0.189062 0.518750
1 0.154688 0.620313 0.309375 0.203125
4 0.154688 0.812500 0.309375 0.375000
5 0.154688 0.759375 0.309375 0.481250
0 0.782813 0.910937 0.165625 0.178125
5 0.764844 0.907031 0.379688 0.185938
