8 0.234375 0.275000 0.468750 0.550000
2 0.350257 0.177577 0.040970 0.029924
2 0.323697 0.446154 0.059866 0.042533
3 0.359151 0.203408 0.022075 0.017315
3 0.335979 0.494660 0.017424 0.020412
4 0.301563 0.517969 0.081250 0.064062
4 0.356781 0.268234 0.055869 0.101881
5 0.378125 0.317969 0.181250 0.335938
5 0.343750 0.482031 0.209375 0.135937
9 0.591406 0.480469 0.104688 0.139063
9 0.515625 0.496875 0.093750 0.100000
7 0.654687 0.430469 0.146875 0.239063
7 0.784415 0.406852 0.086557 0.187991
0 0.628545 0.237207 0.065081 0.087873
0 0.744461 0.262879 0.030233 0.047048
5 0.806250 0.382812 0.168750 0.334375
5 0.708594 0.309375 0.357812 0.481250
7 0.778906 0.775000 0.382812 0.450000
5 0.773438 0.775000 0.453125 0.450000
3 0.739062 0.581250 0.106250 0.062500
