8 0.625781 0.168750 0.148438 0.259375
8 0.394965 0.193464 0.238682 0.205889
8 0.388892 0.089622 0.103680 0.096512
7 0.204326 0.058955 0.007903 0.015716
0 0.204244 0.044892 0.006286 0.006323
5 0.204308 0.055830 0.012700 0.034520
6 0.138047 0.790488 0.036519 0.100418
6 0.316785 0.625115 0.025345 0.059666
6 0.605139 0.634261 0.028416 0.050327
6 0.565036 0.590193 0.014381 0.054851
9 0.398438 0.884375 0.603125 0.231250
6 0.451514 0.550105 0.011101 0.028252
6 0.654739 0.564929 0.006405 0.026635
6 0.663337 0.565610 0.009448 0.012609
6 0.596008 0.542173 0.006341 0.015698
6 0.543606 0.532626 0.004778 0.015680
6 0.528848 0.547643 0.004806 0.020367
6 0.521040 0.548515 0.011019 0.014190
6 0.514095 0.563441 0.009502 0.021984
6 0.489708 0.534816 0.004769 0.014117
6 0.486552 0.529384 0.003189 0.010974
6 0.428730 0.528494 0.003189 0.010974
6 0.416253 0.532546 0.004760 0.012555
6 0.377195 0.533781 0.004778 0.015680
6 0.364786 0.549552 0.006377 0.021948
6 0.287474 0.555921 0.004787 0.017242
6 0.329843 0.586680 0.009548 0.029797
6 0.241544 0.584582 0.012700 0.034520
6 0.203162 0.567840 0.007949 0.023528
6 0.174960 0.554886 0.004769 0.014117
6 0.100941 0.590124 0.006386 0.023510
6 0.130756 0.611654 0.012682 0.031395
6 0.023898 0.642587 0.017406 0.037700
8 0.850000 0.903906 0.300000 0.192188
