8 0.167784 0.383210 0.046112 0.069014
6 0.214714 0.454817 0.007994 0.015670
6 0.235326 0.480480 0.007994 0.015670
5 0.169531 0.476562 0.014063 0.025000
0 0.112824 0.427283 0.004724 0.003152
5 0.111353 0.435104 0.012736 0.020385
6 0.204667 0.464251 0.007976 0.014108
6 0.250025 0.467893 0.006450 0.017224
7 0.210499 0.428277 0.006359 0.009411
5 0.209763 0.432188 0.011192 0.021939
8 0.235362 0.416413 0.027035 0.040780
9 0.216267 0.386834 0.028416 0.025164
9 0.191440 0.401824 0.031577 0.028307
5 0.645312 0.244531 0.231250 0.489063
5 0.764844 0.744531 0.470313 0.510938
4 0.714844 0.898438 0.370312 0.203125
1 0.733616 0.771955 0.229617 0.263818
2 0.796875 0.517969 0.240625 0.057813
