8 0.254688 0.234375 0.509375 0.468750
7 0.382406 0.421504 0.033131 0.054878
5 0.393750 0.421094 0.068750 0.095312
1 0.815590 0.322426 0.099465 0.177135
2 0.907813 0.148438 0.184375 0.162500
5 0.760938 0.251563 0.478125 0.434375
9 0.051562 0.778906 0.103125 0.367188
3 0.017008 0.840993 0.011028 0.015689
0 0.016406 0.810937 0.032813 0.043750
5 0.021875 0.857812 0.043750 0.137500
5 0.496094 0.703906 0.026562 0.217188
5 0.393366 0.673657 0.121667 0.233512
4 0.387629 0.627532 0.042560 0.064308
3 0.398385 0.596345 0.007858 0.007858
0 0.398257 0.574470 0.025164 0.028270
8 0.754687 0.767188 0.490625 0.465625
