8 0.448437 0.029687 0.203125 0.059375
9 0.267188 0.015625 0.068750 0.031250
6 0.182155 0.025000 0.009557 0.015625
6 0.168093 0.025000 0.011119 0.015625
6 0.150124 0.025000 0.009557 0.015625
6 0.133718 0.025000 0.009611 0.020313
6 0.121999 0.025000 0.009611 0.020313
6 0.112633 0.024219 0.011156 0.018750
9 0.086161 0.016406 0.040970 0.029687
8 0.060937 0.098437 0.121875 0.118750
8 0.775000 0.239063 0.450000 0.478125
8 0.760938 0.275000 0.421875 0.550000
8 0.500781 0.758594 0.098437 0.192188
8 0.082812 0.735156 0.165625 0.370312
8 0.320908 0.812500 0.308904 0.228125
8 0.246094 0.626563 0.095312 0.153125
7 0.270954 0.741406 0.014353 0.025000
5 0.272525 0.740625 0.017551 0.031250
0 0.277322 0.731250 0.006359 0.009375
0 0.149350 0.919531 0.012664 0.014063
3 0.146879 0.930469 0.007903 0.007812
7 0.141310 0.939063 0.022166 0.025000
5 0.141410 0.930469 0.025455 0.039062
9 0.076563 0.961719 0.093750 0.076563
9 0.142187 0.971875 0.184375 0.056250
9 0.222333 0.958594 0.092751 0.048438
9 0.272656 0.972656 0.157812 0.054688
9 0.460156 0.957812 0.179688 0.084375
8 0.184006 0.895312 0.276600 0.137500
0 0.384626 0.707812 0.006341 0.007812
0 0.374497 0.705469 0.006323 0.006250
0 0.392456 0.706250 0.007885 0.006250
0 0.407881 0.723437 0.007903 0.007812
7 0.406192 0.734375 0.014208 0.012500
7 0.392265 0.722656 0.012736 0.020313
7 0.383735 0.717187 0.004797 0.009375
7 0.373606 0.714844 0.009502 0.010937
5 0.374424 0.711719 0.012718 0.018750
5 0.384571 0.712500 0.008031 0.018750
5 0.393092 0.718750 0.014426 0.031250
5 0.406237 0.730469 0.014353 0.025000
8 0.889844 0.661719 0.220312 0.223438
