8 0.097656 0.078125 0.195312 0.156250
8 0.275000 0.172656 0.187500 0.345313
7 0.073912 0.117090 0.011010 0.012627
5 0.073894 0.113965 0.014181 0.020476
8 0.071682 0.136594 0.102235 0.116807
2 0.360240 0.187604 0.009439 0.011047
5 0.360938 0.198437 0.015625 0.037500
8 0.935156 0.146094 0.129688 0.292187
8 0.610156 0.372656 0.167187 0.192188
8 0.435156 0.242188 0.132812 0.259375
8 0.560648 0.130679 0.231069 0.240173
0 0.467893 0.166316 0.009439 0.011047
7 0.472690 0.185121 0.015780 0.026744
5 0.475070 0.191398 0.028498 0.064390
9 0.184375 0.734375 0.368750 0.531250
5 0.423438 0.734375 0.109375 0.531250
