8 0.248843 0.244869 0.325246 0.312819
1 0.700000 0.159375 0.281250 0.281250
4 0.779687 0.302344 0.440625 0.295312
5 0.779687 0.225000 0.440625 0.450000
6 0.406265 0.693929 0.026862 0.051717
6 0.284495 0.711189 0.023683 0.042324
6 0.177005 0.766030 0.022111 0.040752
6 0.103922 0.826540 0.025273 0.047020
6 0.032433 0.892528 0.018986 0.040734
6 0.149219 0.972656 0.057813 0.054688
9 0.407813 0.844531 0.303125 0.310937
4 0.538909 0.531425 0.014208 0.025082
5 0.541307 0.540813 0.025391 0.067333
8 0.779687 0.725000 0.440625 0.550000
