8 0.407813 0.283594 0.243750 0.567187
8 0.271875 0.159375 0.250000 0.318750
8 0.126440 0.108219 0.093442 0.108885
0 0.766406 0.039062 0.085938 0.078125
0 0.625288 0.070700 0.090226 0.101036
2 0.896094 0.032031 0.089063 0.064062
3 0.915222 0.126693 0.044550 0.069259
3 0.771654 0.112741 0.045803 0.042715
3 0.624997 0.162879 0.047457 0.050545
4 0.625613 0.311289 0.139228 0.284394
4 0.790267 0.258598 0.149984 0.268897
4 0.952344 0.306250 0.095312 0.350000
5 0.900781 0.304688 0.198437 0.609375
5 0.798438 0.304688 0.265625 0.609375
5 0.638281 0.310937 0.217188 0.596875
5 0.570312 0.320312 0.081250 0.578125
5 0.264844 0.804688 0.529687 0.390625
4 0.285156 0.856250 0.417187 0.287500
1 0.271875 0.679688 0.218750 0.140625
8 0.764844 0.804688 0.470313 0.390625
