8 0.428906 0.216406 0.420312 0.407813
8 0.830469 0.219531 0.339062 0.439063
2 0.786111 0.076877 0.018850 0.017297
3 0.788604 0.102672 0.015734 0.018841
7 0.812228 0.134840 0.025391 0.067333
5 0.802976 0.155879 0.102626 0.183403
3 0.051368 0.509357 0.061292 0.061292
3 0.333594 0.465625 0.064062 0.053125
3 0.609375 0.525781 0.059375 0.067187
4 0.600781 0.678125 0.076563 0.303125
7 0.357069 0.685349 0.262138 0.476509
4 0.095312 0.746875 0.190625 0.481250
5 0.170313 0.719531 0.340625 0.560937
5 0.389062 0.719531 0.431250 0.560937
5 0.550781 0.719531 0.176563 0.560937
