5 0.364063 0.115625 0.250000 0.231250
9 0.744531 0.139844 0.510938 0.279687
8 0.244531 0.639844 0.489063 0.720313
6 0.675784 0.593292 0.042824 0.109620
6 0.503906 0.577344 0.029687 0.082812
6 0.802606 0.415118 0.017433 0.042287
6 0.923096 0.385349 0.014290 0.039144
6 0.558601 0.457450 0.014272 0.036019
6 0.647737 0.445468 0.014281 0.037582
6 0.651743 0.428303 0.009539 0.028180
6 0.731526 0.412361 0.011128 0.032876
6 0.861368 0.386553 0.011101 0.028189
6 0.962308 0.359795 0.012709 0.036010
6 0.620484 0.429684 0.012682 0.031323
6 0.978033 0.342699 0.009475 0.017242
6 0.952942 0.358178 0.009511 0.023492
6 0.945116 0.360476 0.009502 0.021930
6 0.888021 0.371082 0.009502 0.021930
6 0.867677 0.376433 0.007940 0.021920
6 0.809019 0.387029 0.007949 0.023483
6 0.761304 0.396908 0.007922 0.018795
6 0.751152 0.396068 0.007922 0.018795
6 0.767636 0.382882 0.006332 0.014099
6 0.738698 0.388183 0.006323 0.012536
6 0.707343 0.405970 0.007931 0.020358
6 0.693281 0.405888 0.007922 0.018795
6 0.654968 0.411134 0.006359 0.018786
6 0.671438 0.400292 0.006332 0.014099
6 0.643998 0.416539 0.007940 0.021920
6 0.601743 0.428012 0.009520 0.025055
6 0.590019 0.428725 0.011074 0.023501
6 0.716809 0.390399 0.007894 0.014108
6 0.572046 0.429402 0.011092 0.026626
6 0.565823 0.424678 0.007931 0.020358
6 0.536068 0.436224 0.009502 0.021930
6 0.508574 0.461847 0.012682 0.031323
