8 0.060156 0.175000 0.120313 0.209375
6 0.036719 0.047278 0.009375 0.020367
7 0.091406 0.083679 0.012500 0.023510
0 0.092969 0.067264 0.006250 0.006286
5 0.089063 0.087599 0.020313 0.048556
0 0.428125 0.093439 0.007812 0.006295
0 0.433594 0.098876 0.006250 0.009411
7 0.425000 0.105957 0.009375 0.014117
7 0.430469 0.112956 0.012500 0.021948
5 0.431250 0.113733 0.017188 0.040725
5 0.421094 0.111449 0.020313 0.046993
7 0.775000 0.103125 0.450000 0.206250
5 0.775000 0.108594 0.450000 0.217188
5 0.275000 0.639844 0.550000 0.720313
4 0.208594 0.849219 0.417187 0.301563
1 0.260156 0.674239 0.221875 0.259103
2 0.325000 0.366406 0.234375 0.173437
9 0.925781 0.477344 0.148438 0.320312
2 0.854688 0.375781 0.225000 0.192188
2 0.668750 0.404687 0.237500 0.250000
3 0.786719 0.496769 0.114062 0.122539
3 0.586719 0.652344 0.073438 0.195312
4 0.746875 0.327344 0.100000 0.095312
4 0.946875 0.365368 0.096875 0.155251
4 0.729688 0.729132 0.351562 0.512983
5 0.938281 0.674219 0.123438 0.651563
5 0.666406 0.639844 0.232813 0.720313
5 0.747656 0.346875 0.123438 0.134375
5 0.915625 0.464062 0.168750 0.368750
5 0.757031 0.639844 0.414062 0.720313
