5 0.048438 0.164844 0.096875 0.329688
2 0.789062 0.061719 0.143750 0.123438
4 0.867969 0.232031 0.264062 0.195312
5 0.849219 0.164844 0.301563 0.329688
0 0.155469 0.664844 0.310937 0.670312
5 0.194531 0.664844 0.389062 0.670312
0 0.942165 0.641973 0.094495 0.065153
3 0.979220 0.679818 0.041243 0.053598
3 0.936714 0.707652 0.051981 0.036537
4 0.971094 0.815625 0.057813 0.175000
4 0.973437 0.920312 0.053125 0.159375
5 0.867969 0.943750 0.264062 0.112500
5 0.850781 0.931250 0.298438 0.137500
5 0.846875 0.723437 0.306250 0.300000
5 0.852344 0.736719 0.295312 0.254688
