8 0.145856 0.273438 0.177644 0.185938
8 0.343750 0.357031 0.290625 0.223438
8 0.448437 0.145313 0.081250 0.246875
7 0.405871 0.297656 0.014199 0.023438
5 0.405094 0.296875 0.017360 0.029687
0 0.402024 0.287500 0.006305 0.009375
0 0.485938 0.482031 0.006250 0.014063
3 0.488281 0.492969 0.001563 0.007812
7 0.485938 0.499219 0.006250 0.020313
5 0.485938 0.492188 0.006250 0.034375
9 0.414062 0.496875 0.090625 0.025000
9 0.182812 0.470313 0.175000 0.078125
8 0.072656 0.460156 0.145313 0.098437
8 0.408594 0.447656 0.160938 0.123438
0 0.304590 0.249219 0.006295 0.007812
0 0.313965 0.249219 0.006286 0.006250
0 0.297573 0.246875 0.007849 0.006250
0 0.280308 0.260156 0.006295 0.007812
7 0.280249 0.270313 0.012573 0.012500
7 0.295143 0.261719 0.014181 0.020313
7 0.302973 0.258594 0.004742 0.009375
7 0.313915 0.257812 0.009430 0.009375
5 0.313152 0.254688 0.011047 0.018750
5 0.304563 0.253906 0.007922 0.018750
5 0.294384 0.257812 0.014244 0.031250
5 0.280267 0.267188 0.014199 0.023438
0 0.958594 0.192969 0.082812 0.289062
7 0.681250 0.308594 0.384375 0.401562
3 0.930154 0.241406 0.114981 0.157812
5 0.744531 0.254688 0.510938 0.509375
6 0.444531 0.870313 0.089063 0.162500
6 0.202238 0.735156 0.060075 0.120313
6 0.037022 0.664844 0.062982 0.082812
9 0.244531 0.754687 0.489063 0.490625
0 0.896964 0.700000 0.183767 0.164062
3 0.817804 0.743750 0.087909 0.070312
4 0.776563 0.858594 0.278125 0.282813
5 0.798438 0.754687 0.403125 0.490625
