8 0.399219 0.388281 0.220312 0.060937
7 0.951562 0.124219 0.096875 0.245312
5 0.954688 0.209375 0.090625 0.418750
9 0.539844 0.053125 0.060937 0.106250
1 0.200781 0.596094 0.401562 0.251563
4 0.254688 0.837500 0.509375 0.325000
5 0.254688 0.709375 0.509375 0.581250
7 0.961719 0.701562 0.076563 0.265625
7 0.751321 0.775983 0.112375 0.259085
3 0.819871 0.692418 0.025782 0.067478
0 0.989062 0.495312 0.021875 0.075000
0 0.826229 0.634687 0.060575 0.103816
5 0.785156 0.789062 0.185938 0.421875
5 0.932813 0.727344 0.134375 0.545312
