8 0.096814 0.341239 0.187056 0.193269
8 0.286085 0.440781 0.304516 0.240826
8 0.406250 0.242969 0.106250 0.245312
7 0.348894 0.388020 0.014199 0.023519
5 0.347337 0.387229 0.018923 0.029797
0 0.345829 0.377845 0.006305 0.009411
0 0.415772 0.575915 0.012582 0.014135
3 0.414928 0.586848 0.007867 0.009420
7 0.417998 0.596241 0.023583 0.025136
5 0.419610 0.587657 0.026790 0.039217
9 0.436719 0.657813 0.045312 0.134375
9 0.379688 0.678906 0.159375 0.179688
9 0.339878 0.595006 0.089372 0.053643
9 0.277050 0.650892 0.161956 0.175936
9 0.170078 0.640113 0.141434 0.139881
9 0.113383 0.581969 0.182304 0.182304
9 0.029687 0.625781 0.059375 0.145313
8 0.042969 0.553125 0.085938 0.206250
8 0.358594 0.545312 0.201563 0.153125
0 0.254690 0.331220 0.006295 0.007849
0 0.264061 0.332056 0.006286 0.006286
0 0.247673 0.328835 0.007858 0.007858
0 0.229636 0.340449 0.007867 0.009420
7 0.228796 0.350601 0.014135 0.012582
7 0.244466 0.342879 0.014181 0.020394
7 0.253073 0.340586 0.004742 0.009402
7 0.262448 0.340640 0.009439 0.010992
5 0.261685 0.337511 0.012609 0.018823
5 0.253882 0.335903 0.009484 0.018805
5 0.244489 0.338973 0.015798 0.029778
5 0.229595 0.347481 0.015761 0.023528
8 0.229687 0.904687 0.459375 0.190625
0 0.869429 0.955607 0.029887 0.034548
4 0.868750 0.987500 0.059375 0.025000
5 0.858594 0.967187 0.098437 0.065625
5 0.757031 0.904687 0.223438 0.190625
5 0.615625 0.904687 0.312500 0.190625
4 0.609375 0.898438 0.231250 0.178125
4 0.766406 0.882812 0.117188 0.146875
