9 0.162500 0.014844 0.050000 0.029687
0 0.619531 0.223438 0.023438 0.012500
9 0.011719 0.607812 0.023438 0.031250
9 0.077344 0.583118 0.031250 0.026744
9 0.049219 0.596236 0.029687 0.025173
8 0.335938 0.561185 0.029687 0.032985
9 0.307812 0.575084 0.032813 0.029878
3 0.370312 0.627010 0.007812 0.010983
0 0.371094 0.607483 0.018750 0.032922
5 0.366406 0.704331 0.043750 0.228380
4 0.226562 0.597267 0.025000 0.057958
0 0.223438 0.554281 0.015625 0.020403
5 0.226562 0.640236 0.043750 0.197130
1 0.750781 0.483594 0.498437 0.329688
0 0.740625 0.280469 0.456250 0.101562
4 0.704688 0.821875 0.590625 0.356250
5 0.704688 0.614844 0.590625 0.770312
