8 0.121094 0.314844 0.242188 0.629687
2 0.112128 0.161616 0.018859 0.018859
3 0.109149 0.186634 0.017297 0.018850
7 0.084326 0.217249 0.028498 0.064226
5 0.092252 0.236734 0.108867 0.181877
0 0.952344 0.098437 0.095312 0.125000
4 0.586089 0.172055 0.196967 0.285511
4 0.914062 0.349219 0.171875 0.292187
3 0.646317 0.049826 0.053389 0.045622
3 0.928449 0.199752 0.056559 0.053452
5 0.834375 0.321094 0.331250 0.617188
5 0.588281 0.314844 0.457813 0.629687
2 0.179688 0.836719 0.359375 0.326562
5 0.179688 0.821094 0.359375 0.357812
8 0.679688 0.814844 0.640625 0.370312
