8 0.319531 0.189844 0.639062 0.379688
0 0.193401 0.341123 0.011019 0.014126
7 0.181578 0.359160 0.020440 0.021993
5 0.184749 0.351329 0.026772 0.036092
1 0.735156 0.307812 0.192188 0.143750
2 0.742188 0.131250 0.206250 0.209375
5 0.819531 0.189844 0.360938 0.379688
5 0.260937 0.689844 0.521875 0.620313
4 0.191406 0.785937 0.382812 0.428125
1 0.176883 0.552778 0.188664 0.201091
0 0.759375 0.389062 0.028125 0.018750
0 0.839415 0.396833 0.023565 0.022011
0 0.904250 0.398018 0.012600 0.017260
0 0.887500 0.388281 0.028125 0.017188
0 0.890115 0.410600 0.047120 0.042460
0 0.981539 0.406943 0.026717 0.026717
7 0.993750 0.487500 0.012500 0.025000
7 0.968750 0.483594 0.062500 0.101562
7 0.910845 0.472977 0.028661 0.092351
7 0.879659 0.462222 0.062927 0.073801
7 0.836685 0.463253 0.047375 0.086210
7 0.872296 0.519294 0.089953 0.153643
7 0.985938 0.542969 0.028125 0.170313
3 0.757330 0.406685 0.009475 0.017242
7 0.739874 0.452879 0.061537 0.103480
3 0.836917 0.423409 0.014144 0.014144
3 0.892240 0.448086 0.021993 0.020440
3 0.978246 0.435868 0.014153 0.015707
5 0.974219 0.613281 0.051562 0.442188
5 0.957812 0.526563 0.084375 0.275000
5 0.908438 0.483929 0.058931 0.192524
5 0.886719 0.448437 0.089063 0.137500
5 0.831912 0.478124 0.068315 0.194141
5 0.746875 0.485938 0.087500 0.212500
5 0.836719 0.586719 0.207813 0.414062
