8 0.084375 0.415625 0.168750 0.487500
7 0.388656 0.339062 0.039508 0.076563
2 0.396109 0.277344 0.017278 0.015625
3 0.393107 0.298438 0.014126 0.010937
5 0.375000 0.372656 0.068750 0.214062
8 0.678125 0.317969 0.537500 0.635938
2 0.275000 0.847656 0.268750 0.282813
5 0.204687 0.842969 0.409375 0.314063
0 0.553125 0.703906 0.162500 0.089063
0 0.842139 0.730469 0.141379 0.129688
3 0.817103 0.858594 0.089508 0.076563
3 0.559077 0.821875 0.100518 0.089063
4 0.537500 0.946875 0.256250 0.106250
4 0.778906 0.945312 0.207813 0.109375
5 0.793750 0.829688 0.350000 0.340625
5 0.570312 0.829688 0.321875 0.340625
