8 0.182031 0.192969 0.364063 0.385937
9 0.475474 0.092285 0.037809 0.053343
9 0.554688 0.139844 0.028125 0.067187
0 0.289324 0.323225 0.010992 0.009439
7 0.281680 0.352086 0.017397 0.036037
5 0.287262 0.371649 0.030306 0.106423
0 0.506225 0.275270 0.007858 0.007858
4 0.500879 0.296332 0.012673 0.029760
5 0.500194 0.312734 0.017678 0.084475
5 0.513466 0.311249 0.019250 0.086047
5 0.439844 0.398438 0.029687 0.081250
5 0.469531 0.401562 0.032813 0.075000
5 0.489063 0.400000 0.025000 0.078125
5 0.507812 0.398438 0.031250 0.081250
5 0.498091 0.354127 0.012591 0.015698
5 0.520683 0.343321 0.017387 0.034475
0 0.521405 0.333169 0.014144 0.014144
7 0.518376 0.349557 0.011028 0.015689
0 0.536236 0.330912 0.009439 0.010992
7 0.536404 0.359818 0.017442 0.043850
5 0.537158 0.355135 0.019114 0.062609
0 0.524685 0.359750 0.012582 0.014135
7 0.529536 0.387902 0.017397 0.036037
5 0.528125 0.395313 0.028125 0.087500
7 0.507693 0.393244 0.026808 0.042342
7 0.489729 0.393920 0.020567 0.043868
7 0.471020 0.400842 0.031505 0.043932
7 0.442086 0.395987 0.029924 0.040798
0 0.445815 0.365541 0.011019 0.014126
0 0.469284 0.371146 0.011010 0.012564
0 0.495792 0.361925 0.009439 0.010992
0 0.512217 0.365146 0.011010 0.012564
0 0.516372 0.273767 0.009430 0.009430
0 0.546101 0.280971 0.011001 0.011001
0 0.555435 0.273994 0.009439 0.010992
0 0.554972 0.328677 0.012573 0.012573
0 0.564844 0.361719 0.007812 0.014063
5 0.553906 0.396094 0.029687 0.085938
5 0.564063 0.396094 0.009375 0.085938
5 0.555899 0.353682 0.020676 0.062618
5 0.545429 0.299716 0.015925 0.051653
5 0.556339 0.295092 0.014390 0.056332
7 0.565625 0.395313 0.006250 0.040625
7 0.557031 0.394531 0.023438 0.045312
7 0.555908 0.355244 0.018986 0.040734
7 0.543894 0.304395 0.012691 0.032885
7 0.555585 0.299775 0.014235 0.029769
7 0.514165 0.297191 0.018932 0.031359
6 0.513329 0.153441 0.006395 0.025036
6 0.503917 0.147136 0.006359 0.018786
6 0.510122 0.139360 0.006423 0.029724
8 0.784375 0.219531 0.431250 0.439063
4 0.928390 0.043544 0.025291 0.050145
5 0.920312 0.035937 0.050000 0.071875
5 0.198437 0.719531 0.396875 0.560937
8 0.784375 0.719531 0.431250 0.560937
