6 0.012500 0.207031 0.025000 0.060937
6 0.169531 0.265649 0.037500 0.103343
6 0.178125 0.202418 0.020313 0.059493
6 0.286719 0.195237 0.023438 0.064199
6 0.371875 0.193388 0.025000 0.059520
4 0.212500 0.216680 0.031250 0.053307
2 0.217188 0.169832 0.017188 0.021975
5 0.217969 0.216712 0.062500 0.122239
4 0.704688 0.304688 0.590625 0.128125
1 0.610156 0.092969 0.401562 0.185938
5 0.704688 0.184375 0.590625 0.368750
7 0.075000 0.711330 0.025000 0.059520
3 0.075000 0.678517 0.006250 0.014099
0 0.071875 0.655062 0.020313 0.028243
8 0.204687 0.684375 0.409375 0.631250
9 0.982031 0.798438 0.035937 0.159375
0 0.489844 0.481056 0.056250 0.069077
4 0.471875 0.637983 0.081250 0.184848
5 0.471875 0.722656 0.093750 0.554688
