8 0.150000 0.210156 0.300000 0.420312
1 0.640639 0.399219 0.128690 0.182812
3 0.567944 0.127344 0.082268 0.087500
4 0.620313 0.326562 0.321875 0.406250
5 0.583594 0.264844 0.526563 0.529687
2 0.243083 0.720313 0.069623 0.075000
2 0.353125 0.576562 0.087500 0.059375
2 0.497656 0.556250 0.126562 0.053125
2 0.649219 0.567187 0.142187 0.075000
2 0.793750 0.564844 0.112500 0.070312
4 0.513520 0.754687 0.234941 0.317188
4 0.369531 0.650000 0.120313 0.071875
4 0.324219 0.858594 0.029687 0.279687
4 0.695215 0.792969 0.369789 0.357812
4 0.842435 0.688281 0.158323 0.178125
5 0.851562 0.764844 0.296875 0.470313
5 0.728125 0.764844 0.534375 0.470313
5 0.524219 0.764844 0.429688 0.470313
5 0.409375 0.767969 0.200000 0.464062
5 0.380469 0.796875 0.142187 0.406250
