8 0.377344 0.235156 0.482812 0.470313
7 0.464844 0.283729 0.021875 0.028252
2 0.460156 0.257139 0.010937 0.009439
2 0.392188 0.423150 0.012500 0.011010
2 0.317969 0.400062 0.014063 0.015707
3 0.321875 0.413366 0.009375 0.006305
3 0.395313 0.440355 0.009375 0.009430
5 0.454688 0.287576 0.043750 0.072130
5 0.407813 0.446875 0.062500 0.065625
7 0.327344 0.444647 0.031250 0.059557
7 0.408594 0.456250 0.035937 0.046875
7 0.530469 0.457813 0.035937 0.043750
0 0.535156 0.428669 0.012500 0.014135
5 0.531250 0.449219 0.050000 0.060937
5 0.325781 0.434375 0.051562 0.090625
8 0.860156 0.260937 0.279687 0.437500
8 0.858594 0.125781 0.282813 0.251563
5 0.378906 0.545312 0.304688 0.131250
8 0.809375 0.739844 0.381250 0.520312
8 0.693750 0.764844 0.150000 0.470313
