8 0.295312 0.100781 0.246875 0.201563
8 0.217969 0.298438 0.376563 0.321875
8 0.010156 0.131250 0.020313 0.243750
7 0.272656 0.365463 0.015625 0.020403
0 0.270313 0.349851 0.007812 0.007858
5 0.266406 0.372530 0.028125 0.057976
7 0.350781 0.084540 0.018750 0.025109
0 0.350000 0.065013 0.009375 0.010992
5 0.350000 0.081419 0.021875 0.047002
8 0.060156 0.415625 0.120313 0.087500
8 0.714844 0.229687 0.570312 0.459375
3 0.081250 0.528906 0.162500 0.139063
7 0.082812 0.729688 0.165625 0.540625
5 0.132031 0.729688 0.264062 0.540625
7 0.500000 0.531250 0.162500 0.143750
5 0.556250 0.729688 0.275000 0.540625
