8 0.381250 0.214062 0.356250 0.428125
5 0.878125 0.254688 0.243750 0.509375
3 0.984375 0.045312 0.031250 0.071875
6 0.502346 0.688968 0.036956 0.087709
6 0.542807 0.607478 0.022493 0.053252
6 0.555469 0.567187 0.007812 0.040625
6 0.376563 0.926562 0.081250 0.146875
6 0.267762 0.605171 0.009720 0.029742
7 0.434758 0.520600 0.006341 0.007849
7 0.381797 0.534972 0.006359 0.009411
7 0.373166 0.531897 0.009611 0.020367
2 0.274002 0.537162 0.004797 0.009402
2 0.323929 0.530621 0.004797 0.009402
2 0.369878 0.517853 0.004778 0.007840
5 0.277291 0.551206 0.017715 0.045412
5 0.324039 0.539996 0.014444 0.032894
5 0.370759 0.526442 0.012827 0.028198
5 0.381778 0.533409 0.007976 0.014108
5 0.426954 0.521427 0.009593 0.018805
5 0.435503 0.517471 0.006377 0.010974
4 0.276601 0.559023 0.012773 0.023510
4 0.324874 0.544679 0.011174 0.020376
