8 0.320312 0.349079 0.121875 0.279543
8 0.321094 0.080469 0.195312 0.160938
0 0.416406 0.078125 0.004687 0.009375
7 0.414844 0.096875 0.007812 0.025000
5 0.412500 0.103906 0.012500 0.060937
4 0.626563 0.181708 0.187500 0.234994
3 0.678906 0.040130 0.085938 0.068187
5 0.638281 0.244531 0.439063 0.489063
3 0.214844 0.541602 0.098437 0.094895
3 0.042969 0.517188 0.085938 0.056250
4 0.095312 0.700000 0.190625 0.378125
4 0.276562 0.722656 0.284375 0.289062
5 0.264062 0.744531 0.309375 0.510938
5 0.192188 0.744531 0.384375 0.510938
8 0.709375 0.744531 0.581250 0.510938
5 0.746875 0.963281 0.043750 0.073438
7 0.748437 0.987500 0.031250 0.025000
3 0.754687 0.967210 0.010937 0.014190
0 0.755469 0.944563 0.020313 0.025236
