8 0.459375 0.164062 0.218750 0.328125
8 0.081250 0.314063 0.162500 0.390625
9 0.128125 0.158411 0.045312 0.051826
9 0.265625 0.065423 0.042188 0.054933
9 0.153125 0.127797 0.118750 0.080378
9 0.142187 0.234110 0.078125 0.075455
0 0.106250 0.217913 0.009375 0.009430
7 0.110156 0.231953 0.010937 0.017251
5 0.108594 0.228056 0.014063 0.031332
0 0.477344 0.260285 0.010937 0.009439
7 0.488281 0.286784 0.020313 0.037618
5 0.485938 0.306329 0.043750 0.104942
0 0.261719 0.244352 0.009375 0.007867
4 0.270313 0.263052 0.014063 0.028207
5 0.272656 0.278664 0.028125 0.082976
5 0.259375 0.279522 0.029687 0.084548
5 0.343750 0.367313 0.043750 0.108067
5 0.315625 0.377633 0.046875 0.109648
5 0.296875 0.380085 0.039062 0.112727
5 0.278906 0.379409 0.043750 0.111192
5 0.280469 0.317681 0.014063 0.017269
5 0.257031 0.310786 0.020313 0.034493
0 0.255469 0.301420 0.014063 0.015707
7 0.260156 0.317799 0.012500 0.015698
0 0.240625 0.302288 0.010937 0.011001
7 0.245312 0.328823 0.021875 0.043877
5 0.243750 0.324144 0.026562 0.062655
0 0.255469 0.327201 0.014063 0.015707
7 0.255469 0.354545 0.021875 0.037627
5 0.258594 0.379527 0.040625 0.120549
7 0.276562 0.357547 0.031250 0.043932
7 0.293750 0.355885 0.026562 0.045467
7 0.312500 0.359682 0.035937 0.045522
7 0.340625 0.350925 0.032813 0.042378
0 0.332031 0.322850 0.012500 0.014135
0 0.310937 0.331566 0.012500 0.014135
0 0.284375 0.325471 0.010937 0.011001
0 0.268750 0.331030 0.012500 0.014135
0 0.251563 0.243630 0.010937 0.009439
0 0.223438 0.255513 0.012500 0.011010
0 0.214844 0.249313 0.010937 0.011001
0 0.192969 0.302565 0.010937 0.012564
0 0.222656 0.302392 0.012500 0.014135
0 0.214062 0.336036 0.012500 0.015698
0 0.204687 0.344684 0.012500 0.014135
0 0.157031 0.330118 0.014063 0.014144
0 0.128906 0.377938 0.010937 0.017251
6 0.168750 0.312081 0.014063 0.029769
5 0.058594 0.476003 0.026562 0.032967
7 0.139063 0.405222 0.025000 0.042333
5 0.151562 0.416087 0.059375 0.109720
5 0.166406 0.376157 0.042188 0.111183
5 0.190625 0.330704 0.037500 0.072093
5 0.232031 0.383588 0.046875 0.117460
5 0.214062 0.389161 0.046875 0.122148
5 0.225000 0.326597 0.028125 0.062664
5 0.228125 0.272673 0.021875 0.051690
5 0.216406 0.269616 0.021875 0.056377
7 0.160156 0.360568 0.025000 0.045458
7 0.193750 0.325217 0.018750 0.028234
7 0.211719 0.368862 0.028125 0.042351
7 0.228125 0.366423 0.028125 0.047039
7 0.225000 0.328160 0.023438 0.040761
7 0.228906 0.277356 0.017188 0.032912
7 0.217969 0.274294 0.017188 0.029787
7 0.257031 0.266255 0.021875 0.032940
6 0.237500 0.128087 0.009375 0.025055
6 0.245312 0.121010 0.007812 0.018795
6 0.239063 0.114015 0.009375 0.028180
6 0.974219 0.028906 0.048438 0.057813
5 0.882812 0.405469 0.234375 0.207813
9 0.784375 0.254688 0.431250 0.509375
9 0.452344 0.866908 0.029687 0.034548
9 0.329688 0.901215 0.026562 0.031405
9 0.071094 0.929282 0.015625 0.037591
9 0.103125 0.940033 0.079687 0.084839
9 0.142969 0.946833 0.015625 0.037591
9 0.167187 0.938098 0.046875 0.053398
3 0.902344 0.546094 0.101562 0.073438
3 0.715625 0.548438 0.125000 0.078125
4 0.760938 0.723390 0.350000 0.386411
4 0.924219 0.685937 0.151562 0.300000
5 0.900000 0.754687 0.200000 0.490625
5 0.784375 0.754687 0.431250 0.490625
