8 0.303906 0.229687 0.451562 0.459375
2 0.419531 0.233596 0.060937 0.040980
3 0.315625 0.003906 0.021875 0.007812
3 0.421094 0.285149 0.017188 0.020412
4 0.467187 0.323162 0.078125 0.111392
4 0.336719 0.064546 0.051562 0.103425
4 0.072656 0.047656 0.089063 0.095312
5 0.089844 0.157031 0.179688 0.314063
5 0.328125 0.146875 0.168750 0.293750
5 0.429688 0.332031 0.200000 0.254688
9 0.903125 0.142187 0.193750 0.193750
7 0.611719 0.196094 0.164062 0.354687
3 0.567187 0.060809 0.043750 0.056505
5 0.668750 0.229687 0.278125 0.459375
6 0.288281 0.570233 0.056250 0.067515
8 0.777344 0.846094 0.354687 0.307812
8 0.644531 0.900000 0.229687 0.200000
