8 0.314844 0.229687 0.629687 0.459375
2 0.086013 0.099219 0.023583 0.025000
3 0.089778 0.123438 0.017287 0.017188
4 0.090332 0.162500 0.028452 0.056250
5 0.101983 0.174219 0.066670 0.179688
1 0.891406 0.011719 0.039062 0.023438
1 0.688885 0.094531 0.036219 0.048438
2 0.687654 0.037500 0.048683 0.042188
4 0.908693 0.181250 0.106378 0.290625
4 0.693544 0.233594 0.104434 0.225000
5 0.915625 0.229687 0.168750 0.459375
5 0.700781 0.235937 0.142187 0.446875
8 0.314844 0.701562 0.629687 0.484375
4 0.905469 0.739062 0.189062 0.521875
5 0.841406 0.729688 0.317188 0.540625
