8 0.177344 0.259375 0.354687 0.434375
5 0.038094 0.297656 0.025527 0.045312
7 0.616406 0.492188 0.073438 0.215625
7 0.769916 0.334375 0.043297 0.095312
7 0.736732 0.369531 0.070241 0.128125
7 0.810006 0.355469 0.060739 0.117188
7 0.852120 0.349219 0.041716 0.093750
7 0.884652 0.392188 0.076891 0.162500
7 0.918090 0.311719 0.046349 0.089063
7 0.957199 0.382812 0.071694 0.118750
7 0.980881 0.336719 0.030524 0.071875
0 0.966918 0.278125 0.019041 0.025000
0 0.945752 0.271875 0.034811 0.037500
0 0.934623 0.255469 0.018932 0.015625
0 0.907879 0.239844 0.023747 0.026562
0 0.878410 0.258594 0.044277 0.045312
0 0.854400 0.276562 0.017424 0.020313
0 0.793335 0.265625 0.033194 0.032813
0 0.735468 0.260937 0.015843 0.018750
0 0.726956 0.267969 0.034702 0.028125
0 0.592187 0.273438 0.025000 0.103125
3 0.585938 0.360938 0.012500 0.037500
3 0.738275 0.300781 0.015825 0.017188
3 0.794471 0.296094 0.015789 0.014063
3 0.862476 0.299219 0.011101 0.014063
3 0.887476 0.299219 0.020512 0.017188
3 0.913675 0.267969 0.014226 0.014063
3 0.962358 0.289062 0.006341 0.007812
3 0.955527 0.306250 0.012645 0.012500
5 0.664844 0.404687 0.170313 0.390625
5 0.770571 0.390625 0.084559 0.284375
5 0.746698 0.420312 0.114901 0.340625
5 0.818373 0.403125 0.120896 0.318750
5 0.857844 0.371094 0.061829 0.210938
5 0.901563 0.417187 0.131250 0.365625
5 0.925749 0.365625 0.075129 0.279687
5 0.935486 0.262500 0.020694 0.032813
5 0.978125 0.358594 0.043750 0.189062
5 0.956250 0.393750 0.087500 0.284375
5 0.279687 0.695312 0.359375 0.190625
4 0.199219 0.612500 0.145313 0.025000
1 0.735938 0.762500 0.312500 0.278125
4 0.789844 0.919531 0.420312 0.160938
5 0.789844 0.800000 0.420312 0.400000
