8 0.221875 0.195312 0.443750 0.390625
0 0.198490 0.476231 0.079906 0.038427
0 0.142885 0.452148 0.051744 0.031850
3 0.137557 0.476303 0.036019 0.014481
3 0.177537 0.500204 0.026653 0.015934
7 0.129291 0.532453 0.091170 0.094805
7 0.213834 0.562341 0.125709 0.123330
5 0.185938 0.596094 0.187500 0.285938
5 0.094531 0.560937 0.189062 0.271875
0 0.208514 0.319327 0.009402 0.004797
7 0.207787 0.328693 0.017269 0.014262
5 0.210154 0.332627 0.023637 0.034648
0 0.203195 0.345045 0.009402 0.004797
7 0.206388 0.356800 0.017278 0.015825
5 0.204063 0.359898 0.023637 0.034648
8 0.739844 0.369531 0.520312 0.739062
5 0.778125 0.369531 0.300000 0.739062
7 0.722245 0.230972 0.117552 0.332595
2 0.078906 0.838281 0.157812 0.157812
5 0.161719 0.875781 0.323437 0.248438
5 0.327344 0.869531 0.304688 0.260937
0 0.980469 0.878906 0.039062 0.045312
0 0.833686 0.868671 0.040870 0.042660
0 0.808804 0.888693 0.025227 0.039353
3 0.807360 0.908987 0.011019 0.014190
3 0.840108 0.898432 0.011037 0.017315
3 0.982364 0.911805 0.017306 0.020512
3 0.777672 0.908642 0.014144 0.014226
5 0.801562 0.935937 0.040625 0.128125
5 0.821094 0.924219 0.076563 0.151562
5 0.765625 0.927344 0.084375 0.145313
0 0.786102 0.880617 0.037755 0.044186
0 0.492969 0.801562 0.026562 0.056250
7 0.505469 0.925781 0.051562 0.148438
5 0.510156 0.885938 0.060937 0.228125
5 0.957812 0.926562 0.084375 0.146875
7 0.760156 0.950000 0.051562 0.100000
7 0.824219 0.945312 0.060937 0.109375
7 0.964844 0.954688 0.057813 0.090625
7 0.989844 0.945312 0.020313 0.090625
