8 0.189844 0.269531 0.379688 0.539062
8 0.054688 0.314063 0.109375 0.450000
4 0.183583 0.280511 0.081814 0.097820
2 0.166905 0.192811 0.025109 0.019041
3 0.173709 0.231955 0.022002 0.022130
5 0.180313 0.305475 0.132741 0.257777
1 0.816406 0.446875 0.367188 0.184375
2 0.811719 0.256250 0.376563 0.162500
5 0.689844 0.339062 0.620313 0.400000
6 0.213281 0.944531 0.064062 0.110937
4 0.065625 0.769531 0.131250 0.460938
5 0.142969 0.769531 0.285938 0.460938
9 0.032031 0.920312 0.064062 0.062500
8 0.689844 0.785156 0.620313 0.429688
