8 0.369531 0.242188 0.220312 0.384375
8 0.862356 0.287240 0.227544 0.171386
0 0.649567 0.065999 0.006305 0.009448
7 0.644775 0.083914 0.009502 0.021984
7 0.719919 0.328554 0.018977 0.039281
5 0.645574 0.080798 0.015834 0.036119
5 0.719946 0.323867 0.028516 0.067515
0 0.724784 0.298140 0.011010 0.012627
7 0.432812 0.518750 0.093750 0.118750
7 0.266406 0.489063 0.129688 0.059375
5 0.252344 0.653906 0.207813 0.389062
5 0.400781 0.692969 0.157812 0.467187
5 0.693000 0.569298 0.044277 0.091134
0 0.703906 0.503125 0.079687 0.087500
7 0.603719 0.740146 0.189691 0.378744
5 0.617188 0.729688 0.250000 0.540625
