8 0.177344 0.140625 0.242188 0.281250
8 0.039844 0.164844 0.079687 0.329688
9 0.350166 0.216141 0.109730 0.061574
2 0.415931 0.192304 0.011001 0.011001
5 0.416617 0.208715 0.025273 0.047020
6 0.440818 0.211981 0.017406 0.037600
6 0.362647 0.219339 0.017397 0.036037
6 0.520187 0.267132 0.022157 0.048565
8 0.497656 0.180469 0.182812 0.195312
8 0.830469 0.106250 0.339062 0.212500
9 0.294531 0.664844 0.589063 0.670312
4 0.151562 0.344531 0.040625 0.029687
4 0.004687 0.358594 0.009375 0.057813
5 0.143750 0.346875 0.062500 0.034375
5 0.975000 0.475000 0.050000 0.290625
5 0.846875 0.664844 0.306250 0.670312
5 0.704688 0.664844 0.231250 0.670312
2 0.653906 0.420312 0.129688 0.181250
2 0.874219 0.393750 0.160938 0.128125
4 0.980469 0.400781 0.039062 0.120313
4 0.898438 0.863281 0.203125 0.273438
4 0.692969 0.896094 0.207813 0.207813
1 0.675162 0.702391 0.170232 0.255669
1 0.931250 0.617969 0.137500 0.214062
