8 0.563281 0.281250 0.132812 0.315625
8 0.814844 0.219531 0.370312 0.439063
5 0.895088 0.211612 0.082041 0.136883
7 0.875520 0.205589 0.031595 0.059739
3 0.866708 0.168189 0.012564 0.011083
2 0.864283 0.154154 0.012555 0.009520
4 0.356643 0.733208 0.014190 0.022039
4 0.468312 0.723314 0.009466 0.015734
4 0.538688 0.733434 0.033149 0.058194
4 0.300411 0.736988 0.015761 0.023619
2 0.355771 0.717592 0.004733 0.007867
2 0.467476 0.713948 0.003161 0.006286
2 0.532238 0.699131 0.017297 0.018950
2 0.298767 0.722943 0.007867 0.009466
5 0.300443 0.742456 0.022184 0.053380
5 0.356643 0.733208 0.019005 0.043968
5 0.469107 0.725649 0.011110 0.029815
5 0.536340 0.732680 0.044259 0.088009
4 0.980469 0.699219 0.039062 0.189062
5 0.916406 0.763281 0.167187 0.473438
