8 0.322180 0.243763 0.209322 0.132106
4 0.222997 0.306681 0.030306 0.053470
2 0.218029 0.263648 0.014190 0.011101
3 0.217874 0.276929 0.012627 0.011083
5 0.217292 0.326929 0.050074 0.141189
9 0.518750 0.271094 0.121875 0.042188
8 0.985156 0.074219 0.029687 0.148438
8 0.666406 0.362500 0.173437 0.353125
8 0.344531 0.815625 0.335938 0.368750
8 0.110937 0.788281 0.221875 0.392188
7 0.767969 0.871875 0.195312 0.256250
1 0.773054 0.715675 0.071094 0.068006
0 0.771220 0.604701 0.089953 0.077599
5 0.789844 0.777344 0.420312 0.445312
