8 0.589844 0.161719 0.201563 0.323437
5 0.558933 0.183594 0.022311 0.037500
7 0.562122 0.189062 0.019023 0.023438
8 0.974219 0.260156 0.051562 0.279687
8 0.922656 0.049219 0.154688 0.098437
8 0.172656 0.804688 0.345313 0.390625
8 0.278906 0.782031 0.420312 0.345313
8 0.740625 0.804688 0.503125 0.390625
7 0.588281 0.789062 0.198437 0.359375
7 0.605469 0.814844 0.232813 0.276562
7 0.582812 0.668750 0.134375 0.118750
5 0.594531 0.671875 0.164062 0.125000
5 0.701311 0.818750 0.151492 0.262500
5 0.628906 0.804688 0.279687 0.390625
