8 0.436719 0.219531 0.326562 0.439063
0 0.379946 0.174459 0.042660 0.041116
0 0.339240 0.166955 0.030087 0.034720
0 0.301412 0.138394 0.042697 0.044241
0 0.197861 0.167653 0.026944 0.033122
0 0.177139 0.132261 0.030087 0.034720
0 0.133462 0.205180 0.031541 0.025364
3 0.290884 0.173423 0.012664 0.014208
3 0.345853 0.198278 0.017406 0.018950
3 0.373397 0.215783 0.018986 0.020531
7 0.411579 0.274813 0.071985 0.144568
7 0.351195 0.254582 0.048202 0.114608
7 0.304202 0.243881 0.067061 0.124201
7 0.222053 0.299948 0.032159 0.078489
7 0.186315 0.249539 0.061084 0.147566
7 0.134471 0.291899 0.043769 0.136428
7 0.010156 0.267188 0.020313 0.146875
5 0.022656 0.316406 0.045312 0.367188
5 0.137242 0.328645 0.057960 0.281886
5 0.181250 0.304688 0.100000 0.390625
5 0.216040 0.320188 0.074276 0.341443
5 0.303125 0.307031 0.090625 0.385937
5 0.354687 0.322656 0.062500 0.354687
5 0.405469 0.325000 0.101562 0.350000
0 0.691337 0.123159 0.078670 0.047784
0 0.819035 0.155110 0.072984 0.096149
3 0.818445 0.171507 0.039535 0.041080
3 0.695425 0.206008 0.045967 0.056777
4 0.664062 0.362500 0.128125 0.275000
7 0.859375 0.355469 0.156250 0.289062
5 0.878906 0.297656 0.242188 0.404687
5 0.678906 0.250000 0.157812 0.500000
5 0.533594 0.568750 0.132812 0.137500
5 0.164844 0.750000 0.329688 0.500000
8 0.974987 0.862196 0.036683 0.064481
5 0.996094 0.950000 0.007812 0.025000
0 0.931846 0.914031 0.004724 0.003180
5 0.931937 0.921844 0.009593 0.018859
7 0.669974 0.964883 0.007940 0.011028
5 0.671627 0.972714 0.012936 0.037645
7 0.733464 0.983588 0.006395 0.012573
5 0.733594 0.986719 0.010937 0.026562
9 0.992969 0.873437 0.014063 0.025000
7 0.806883 0.982880 0.004797 0.009430
5 0.807683 0.984452 0.006468 0.018823
