8 0.050781 0.269531 0.101562 0.385937
8 0.281250 0.314844 0.496875 0.629687
5 0.329867 0.541058 0.086710 0.133812
5 0.340999 0.306047 0.031586 0.058176
7 0.344083 0.299053 0.011056 0.020440
7 0.313393 0.529149 0.034711 0.058212
3 0.317090 0.493257 0.012564 0.011083
2 0.319357 0.480003 0.012555 0.009520
0 0.350261 0.286625 0.009439 0.011047
9 0.764844 0.314844 0.470313 0.629687
3 0.846985 0.108070 0.112092 0.199728
5 0.764844 0.314844 0.470313 0.629687
7 0.756250 0.326562 0.453125 0.606250
7 0.749693 0.827150 0.021975 0.017442
5 0.751991 0.819365 0.028334 0.036265
8 0.707812 0.814844 0.356250 0.370312
