8 0.353125 0.108594 0.315625 0.217188
8 0.442188 0.109375 0.315625 0.218750
0 0.354390 0.061857 0.004724 0.006277
7 0.355053 0.082174 0.007949 0.023483
5 0.355789 0.089991 0.017560 0.064162
9 0.348799 0.082919 0.044077 0.056505
8 0.297363 0.060744 0.045585 0.047139
8 0.243266 0.093243 0.056595 0.059702
8 0.182347 0.089763 0.036310 0.064272
8 0.161217 0.095891 0.045694 0.065889
8 0.129190 0.094923 0.047330 0.078398
8 0.094770 0.102536 0.059820 0.076908
8 0.038556 0.095958 0.049037 0.103407
8 0.021875 0.110937 0.043750 0.087500
8 0.007031 0.117969 0.014063 0.076563
8 0.332813 0.609375 0.418750 0.781250
8 0.800000 0.609375 0.400000 0.781250
5 0.939844 0.609375 0.120313 0.781250
7 0.957031 0.625781 0.085938 0.332813
3 0.946738 0.378953 0.040907 0.048674
2 0.931250 0.280469 0.078125 0.123438
