8 0.194531 0.164844 0.389062 0.329688
0 0.045462 0.220611 0.028434 0.026726
0 0.319663 0.217454 0.041080 0.039299
0 0.358634 0.209414 0.028507 0.032976
0 0.381250 0.178906 0.015625 0.042188
3 0.353520 0.239914 0.017387 0.017287
3 0.327158 0.257256 0.018968 0.018859
1 0.048152 0.250285 0.020512 0.017306
7 0.041406 0.295312 0.051562 0.068750
7 0.292969 0.287500 0.067187 0.084375
7 0.350000 0.283594 0.046875 0.092188
7 0.376563 0.276562 0.025000 0.106250
5 0.349219 0.258594 0.054688 0.142187
5 0.298438 0.262500 0.093750 0.134375
5 0.053125 0.265625 0.090625 0.128125
0 0.845860 0.090977 0.150365 0.166489
0 0.554927 0.133298 0.132650 0.121076
3 0.568917 0.261350 0.085193 0.070803
3 0.827402 0.250471 0.094695 0.081795
5 0.575000 0.200000 0.306250 0.259375
5 0.807813 0.167969 0.287500 0.323437
3 0.341406 0.783594 0.095312 0.292187
4 0.234375 0.935156 0.309375 0.129688
5 0.194531 0.664844 0.389062 0.670312
8 0.779687 0.664844 0.440625 0.670312
