8 0.510156 0.269531 0.339062 0.339062
8 0.032031 0.092969 0.064062 0.185938
4 0.946094 0.088281 0.107813 0.176563
5 0.892969 0.234375 0.214062 0.468750
3 0.334375 0.688982 0.543750 0.337538
4 0.365625 0.763281 0.628125 0.473438
5 0.339844 0.734375 0.679688 0.531250
0 0.694531 0.481250 0.029687 0.025000
0 0.775000 0.487276 0.035937 0.036147
0 0.859375 0.496360 0.037500 0.034593
0 0.735156 0.515169 0.035937 0.039272
0 0.799219 0.538198 0.037500 0.034593
0 0.875781 0.540206 0.043750 0.040880
3 0.864062 0.578419 0.023438 0.017324
3 0.852344 0.528351 0.021875 0.020440
3 0.789844 0.570956 0.018750 0.015734
3 0.769531 0.520057 0.023438 0.018886
3 0.728125 0.553409 0.026562 0.020467
3 0.689844 0.510156 0.020313 0.020313
7 0.698438 0.578125 0.037500 0.115625
7 0.766406 0.563007 0.029687 0.029860
7 0.837500 0.579827 0.050000 0.070603
7 0.859375 0.659642 0.093750 0.153670
7 0.789062 0.643608 0.084375 0.142678
5 0.835938 0.664193 0.125000 0.378852
5 0.849219 0.719739 0.131250 0.405451
5 0.782813 0.688103 0.115625 0.339735
5 0.748437 0.646094 0.093750 0.354687
5 0.729688 0.672656 0.100000 0.364063
5 0.702344 0.640625 0.045312 0.343750
