8 0.360938 0.168750 0.278125 0.337500
6 0.010156 0.363281 0.020313 0.114062
6 0.005469 0.295312 0.010937 0.065625
6 0.110104 0.277828 0.031650 0.069114
6 0.198317 0.267137 0.031623 0.064426
4 0.035286 0.308206 0.039408 0.059830
2 0.034218 0.258978 0.020458 0.025236
5 0.040750 0.307488 0.078907 0.135284
6 0.482031 0.404687 0.035937 0.128125
9 0.480469 0.182812 0.039062 0.059375
9 0.464844 0.184375 0.070312 0.078125
6 0.938429 0.348995 0.020794 0.083049
8 0.876065 0.237340 0.188218 0.125619
8 0.877344 0.662500 0.245312 0.178125
