8 0.279687 0.300000 0.559375 0.600000
2 0.168750 0.128068 0.039062 0.025227
2 0.248438 0.398699 0.057813 0.036274
3 0.164844 0.156216 0.020313 0.015743
3 0.245312 0.450279 0.015625 0.018841
4 0.289062 0.492993 0.070312 0.106659
4 0.179688 0.221755 0.043750 0.100255
5 0.016406 0.093750 0.032813 0.187500
5 0.165625 0.278868 0.142187 0.335202
5 0.248438 0.489063 0.178125 0.221875
8 0.921875 0.158594 0.156250 0.317188
7 0.714063 0.135156 0.162500 0.270313
5 0.741406 0.199219 0.223438 0.398438
8 0.510938 0.923438 0.096875 0.153125
0 0.322656 0.666191 0.018750 0.015734
5 0.327344 0.745070 0.042188 0.176808
7 0.015625 0.796102 0.028125 0.062664
0 0.015625 0.742196 0.017188 0.023537
5 0.017188 0.825781 0.034375 0.198437
8 0.811719 0.800000 0.376563 0.400000
