8 0.219531 0.221094 0.439063 0.417187
2 0.678906 0.261440 0.031250 0.037864
2 0.910156 0.382881 0.043750 0.044259
4 0.668750 0.341791 0.050000 0.095894
5 0.668750 0.315228 0.107813 0.159067
5 0.903125 0.371875 0.193750 0.115625
9 0.295312 0.647514 0.034375 0.031650
9 0.255469 0.637675 0.029687 0.026908
9 0.228906 0.624866 0.034375 0.030087
8 0.139063 0.644133 0.035937 0.042606
0 0.203125 0.637066 0.023438 0.037773
0 0.206250 0.717571 0.025000 0.039353
4 0.211719 0.676228 0.032813 0.064444
4 0.202344 0.779244 0.034375 0.078525
5 0.210938 0.691844 0.064062 0.144495
5 0.201563 0.832360 0.095312 0.272984
3 0.203906 0.742544 0.010937 0.009502
8 0.719531 0.714844 0.560937 0.570312
5 0.467969 0.636719 0.057813 0.414062
