8 0.189844 0.288281 0.379688 0.523438
8 0.297656 0.375781 0.164062 0.348438
4 0.135091 0.392188 0.084957 0.100000
2 0.151248 0.300781 0.026672 0.018750
3 0.144761 0.341406 0.023565 0.021875
5 0.137285 0.417969 0.132786 0.264062
7 0.558594 0.032813 0.129688 0.065625
5 0.546094 0.180469 0.164062 0.360938
9 0.274358 0.777344 0.198075 0.206250
8 0.474219 0.730469 0.189062 0.360938
2 0.400714 0.845313 0.012591 0.015625
3 0.396726 0.859375 0.009411 0.006250
7 0.393750 0.890625 0.028125 0.059375
5 0.398438 0.914062 0.037500 0.156250
