8 0.149219 0.228125 0.298438 0.315625
0 0.123848 0.870171 0.053407 0.048747
5 0.117188 0.920312 0.168750 0.159375
3 0.134972 0.902138 0.028261 0.023601
4 0.104688 0.953906 0.093750 0.092188
0 0.776563 0.540625 0.212500 0.181250
0 0.384375 0.616406 0.109375 0.210938
0 0.674585 0.805603 0.157150 0.155597
0 0.392969 0.803125 0.126562 0.225000
0 0.369531 0.946094 0.079687 0.107813
0 0.696646 0.703127 0.164853 0.136892
4 0.706325 0.621037 0.111692 0.130333
4 0.567608 0.681221 0.195141 0.240190
2 0.592539 0.534977 0.110002 0.108449
3 0.511571 0.583887 0.044032 0.048692
4 0.375000 0.476562 0.090625 0.053125
4 0.581912 0.856925 0.136674 0.127353
4 0.567969 0.969531 0.160938 0.060937
5 0.595313 0.962500 0.306250 0.075000
5 0.623127 0.823871 0.321594 0.222176
5 0.747586 0.595796 0.256324 0.282732
5 0.555469 0.634375 0.354687 0.368750
5 0.383594 0.614062 0.107813 0.215625
