8 0.436719 0.339844 0.264062 0.454688
2 0.518248 0.271094 0.017287 0.017188
3 0.519960 0.296875 0.007876 0.010937
4 0.524012 0.321875 0.040907 0.048438
5 0.512366 0.334375 0.086783 0.145313
5 0.390340 0.174219 0.034839 0.079687
8 0.856250 0.409375 0.287500 0.700000
7 0.924034 0.317969 0.039281 0.037500
5 0.924820 0.318750 0.051962 0.068750
4 0.284375 0.879687 0.568750 0.240625
5 0.284375 0.879687 0.568750 0.240625
0 0.764844 0.796094 0.198437 0.073438
4 0.610938 0.859375 0.084375 0.200000
4 0.962500 0.932031 0.075000 0.117188
5 0.631250 0.879687 0.125000 0.240625
5 0.775781 0.879687 0.242188 0.240625
5 0.957812 0.856250 0.084375 0.193750
5 0.953125 0.879687 0.093750 0.240625
