8 0.063001 0.403906 0.053489 0.062500
8 0.048438 0.395313 0.096875 0.075000
1 0.776243 0.126562 0.419986 0.212500
2 0.835156 0.021094 0.329688 0.042188
4 0.729688 0.409375 0.540625 0.200000
5 0.729688 0.254688 0.540625 0.509375
3 0.091406 0.954688 0.139063 0.090625
2 0.090625 0.642188 0.181250 0.146875
5 0.209905 0.685156 0.061592 0.112500
5 0.202344 0.784375 0.404687 0.431250
6 0.959373 0.953125 0.042569 0.065625
6 0.849984 0.955469 0.025227 0.039062
6 0.739015 0.960938 0.015816 0.032813
6 0.611612 0.971094 0.012645 0.025000
