7 0.023438 0.120313 0.046875 0.240625
5 0.085156 0.329688 0.170313 0.659375
8 0.754687 0.329688 0.490625 0.659375
2 0.624000 0.217249 0.042369 0.031495
2 0.738129 0.474953 0.062755 0.044114
3 0.623831 0.246155 0.021984 0.018877
3 0.742517 0.526542 0.018868 0.020422
4 0.790745 0.562762 0.085039 0.114553
4 0.646905 0.308791 0.058422 0.105024
5 0.640314 0.367349 0.187965 0.349519
5 0.753906 0.551562 0.217188 0.215625
5 0.455469 0.829688 0.107813 0.340625
4 0.629687 0.853125 0.240625 0.293750
5 0.669531 0.829688 0.320312 0.340625
3 0.545312 0.692969 0.071875 0.067187
