8 0.254688 0.279687 0.509375 0.559375
2 0.174321 0.353786 0.022020 0.025255
3 0.175743 0.377986 0.015725 0.017369
4 0.173958 0.416286 0.026881 0.054997
5 0.184818 0.429440 0.060411 0.178816
0 0.877344 0.011719 0.070312 0.023438
1 0.872723 0.064593 0.047175 0.052108
4 0.870238 0.223205 0.103262 0.293369
5 0.825781 0.279687 0.226562 0.559375
9 0.420834 0.660694 0.047130 0.044295
9 0.398264 0.646114 0.055051 0.063136
9 0.370162 0.642535 0.055060 0.064699
9 0.336550 0.646051 0.026808 0.042497
9 0.322533 0.638402 0.055024 0.058449
9 0.168931 0.722215 0.039262 0.034830
9 0.047610 0.762687 0.058040 0.039735
9 0.050889 0.736088 0.037673 0.030124
9 0.070302 0.756173 0.043977 0.039572
8 0.299294 0.873031 0.092924 0.127635
8 0.261064 0.596151 0.023619 0.031523
9 0.209356 0.621751 0.023556 0.020585
9 0.190606 0.621970 0.020440 0.022111
9 0.151585 0.615393 0.009493 0.020422
9 0.166406 0.619126 0.028252 0.022202
8 0.697656 0.820312 0.376563 0.359375
