8 0.092188 0.124219 0.184375 0.248438
1 0.864062 0.227344 0.271875 0.182812
2 0.778125 0.072656 0.443750 0.145313
5 0.704688 0.159375 0.590625 0.318750
8 0.204687 0.659375 0.409375 0.681250
2 0.281120 0.550921 0.039217 0.027017
2 0.191999 0.808460 0.058031 0.038173
3 0.283623 0.578292 0.021966 0.015880
3 0.193071 0.858469 0.015734 0.018932
4 0.148767 0.897014 0.072493 0.107086
4 0.266022 0.641364 0.049019 0.100564
5 0.277282 0.696960 0.156606 0.331487
5 0.185938 0.892188 0.187500 0.215625
0 0.634590 0.627165 0.199610 0.203872
3 0.630175 0.808352 0.111474 0.093478
4 0.657813 0.939063 0.243750 0.121875
5 0.678125 0.759375 0.362500 0.481250
