9 0.151151 0.278906 0.090816 0.032813
9 0.241406 0.329688 0.054688 0.059375
5 0.634375 0.192969 0.731250 0.385937
8 0.134375 0.759375 0.268750 0.481250
4 0.950000 0.645312 0.100000 0.209375
4 0.800007 0.636719 0.123039 0.200000
4 0.610136 0.632031 0.102672 0.190625
4 0.449219 0.619531 0.117188 0.201563
3 0.607031 0.529687 0.051562 0.021875
5 0.321875 0.692969 0.106250 0.348438
5 0.434375 0.740625 0.178125 0.443750
5 0.645312 0.734375 0.293750 0.431250
5 0.836719 0.759375 0.239063 0.481250
5 0.938281 0.726562 0.123438 0.415625
