8 0.175781 0.424219 0.185938 0.198437
8 0.070312 0.490625 0.140625 0.178125
0 0.016610 0.412021 0.007903 0.007858
0 0.007244 0.412856 0.007903 0.007858
0 0.023604 0.408855 0.007903 0.007858
0 0.042509 0.422027 0.007922 0.009420
7 0.043408 0.432179 0.014208 0.012582
7 0.027692 0.424457 0.014317 0.021957
7 0.019071 0.422163 0.004797 0.009402
7 0.008915 0.422222 0.011065 0.011001
5 0.008098 0.419102 0.012718 0.018823
5 0.017454 0.417485 0.009593 0.018805
5 0.027647 0.420551 0.015989 0.031341
5 0.043372 0.429054 0.015916 0.025091
5 0.535937 0.014063 0.096875 0.028125
7 0.496452 0.387430 0.226874 0.296612
0 0.465718 0.163375 0.095205 0.125545
5 0.517969 0.332813 0.323437 0.493750
