8 0.197656 0.164844 0.395313 0.329688
6 0.081047 0.271875 0.096558 0.214062
6 0.371094 0.264062 0.123438 0.231250
7 0.625000 0.026562 0.075000 0.053125
7 0.463281 0.044531 0.089063 0.089063
5 0.473438 0.139844 0.121875 0.279687
5 0.623437 0.117969 0.146875 0.235937
5 0.696094 0.157812 0.085938 0.315625
8 0.396094 0.439844 0.226562 0.120313
4 0.506562 0.486719 0.033140 0.056250
2 0.509169 0.441406 0.015698 0.012500
3 0.509873 0.454688 0.014126 0.010937
5 0.515028 0.508594 0.053998 0.150000
9 0.167563 0.475781 0.172148 0.046875
8 0.869531 0.855469 0.260937 0.289062
5 0.855412 0.735938 0.050991 0.170313
