8 0.313281 0.086719 0.229687 0.173437
8 0.089844 0.206250 0.179688 0.268750
1 0.060156 0.483986 0.035937 0.061356
0 0.053125 0.437500 0.059375 0.075000
0 0.232031 0.415625 0.057813 0.031250
7 0.161719 0.432031 0.098437 0.064062
7 0.317188 0.510156 0.125000 0.220312
7 0.037500 0.559375 0.075000 0.218750
5 0.029687 0.618750 0.059375 0.437500
5 0.078125 0.657813 0.156250 0.515625
5 0.116406 0.436719 0.076563 0.073438
5 0.145313 0.438281 0.140625 0.076563
5 0.306250 0.596875 0.206250 0.393750
1 0.855469 0.841406 0.289062 0.317188
