8 0.468750 0.041406 0.078125 0.082812
8 0.625000 0.042188 0.028125 0.040625
0 0.053976 0.212538 0.007867 0.009466
7 0.054857 0.229735 0.012655 0.026708
7 0.058841 0.243061 0.026999 0.075309
8 0.739844 0.314844 0.201563 0.629687
8 0.319531 0.814844 0.639062 0.370312
8 0.459375 0.914844 0.359375 0.170313
0 0.108945 0.909795 0.017297 0.018950
3 0.112983 0.932497 0.012591 0.015770
7 0.122545 0.964637 0.036292 0.061356
5 0.121094 0.948438 0.057813 0.103125
3 0.851405 0.794109 0.084820 0.077544
3 0.957812 0.738281 0.084375 0.145313
0 0.821094 0.691406 0.148438 0.123438
4 0.880469 0.891406 0.239063 0.217188
5 0.913281 0.892188 0.173437 0.215625
5 0.819531 0.814844 0.360938 0.370312
5 0.855469 0.814844 0.289062 0.370312
