2 0.210848 0.141335 0.028280 0.026726
3 0.214145 0.171041 0.015743 0.020403
4 0.183286 0.238046 0.060066 0.119095
5 0.190358 0.245119 0.099828 0.239635
1 0.677344 0.411719 0.417187 0.454688
2 0.608594 0.155469 0.279687 0.254688
5 0.734375 0.325781 0.531250 0.626563
4 0.123438 0.819531 0.246875 0.360938
5 0.150000 0.819531 0.300000 0.360938
0 0.596490 0.810721 0.146103 0.136783
0 0.865095 0.921655 0.114762 0.120976
3 0.570741 0.950410 0.084839 0.080178
5 0.636719 0.860938 0.335938 0.278125
5 0.825000 0.923438 0.350000 0.153125
