8 0.290625 0.016406 0.090625 0.032813
4 0.865625 0.109375 0.240625 0.218750
4 0.675781 0.140625 0.382812 0.281250
4 0.517188 0.041406 0.165625 0.082812
5 0.539062 0.254688 0.240625 0.509375
5 0.664844 0.254688 0.492188 0.509375
5 0.821094 0.254688 0.357812 0.509375
5 0.940625 0.175000 0.118750 0.350000
1 0.202344 0.873437 0.404687 0.253125
2 0.209375 0.632031 0.418750 0.229687
5 0.209375 0.754687 0.418750 0.490625
8 0.709375 0.754687 0.581250 0.490625
5 0.607031 0.900781 0.067187 0.198437
7 0.610154 0.892188 0.041089 0.079687
3 0.613570 0.842187 0.012591 0.015625
0 0.617603 0.820312 0.023592 0.026562
