8 0.120313 0.279687 0.240625 0.518750
8 0.875000 0.111719 0.234375 0.223438
8 0.716406 0.112500 0.507812 0.225000
5 0.759375 0.015625 0.040625 0.031250
4 0.144531 0.800781 0.289062 0.398438
5 0.144531 0.769531 0.289062 0.460938
6 0.524134 0.839719 0.212283 0.232477
6 0.792969 0.946094 0.414062 0.107813
6 0.297656 0.635938 0.017188 0.093750
6 0.320312 0.654687 0.062500 0.100000
6 0.348216 0.680888 0.111565 0.108458
6 0.398548 0.738210 0.168106 0.158785
5 0.594509 0.582324 0.050373 0.064353
4 0.589808 0.579953 0.032976 0.028316
