7 0.089063 0.307031 0.178125 0.123438
1 0.024219 0.196875 0.048438 0.087500
0 0.038281 0.103125 0.076563 0.112500
5 0.135937 0.201563 0.271875 0.334375
9 0.536719 0.208594 0.026562 0.135937
8 0.775000 0.184375 0.450000 0.368750
8 0.627344 0.200000 0.154688 0.337500
5 0.821094 0.288281 0.129688 0.160938
4 0.832855 0.276420 0.032086 0.072057
8 0.275000 0.650781 0.550000 0.564063
6 0.187803 0.834008 0.097294 0.170867
6 0.321379 0.836348 0.122840 0.217887
2 0.262207 0.415662 0.033122 0.026753
2 0.088304 0.656073 0.020512 0.017306
2 0.028747 0.671353 0.022111 0.020440
4 0.009375 0.707812 0.018750 0.053125
4 0.090230 0.692024 0.019150 0.034484
5 0.016406 0.726562 0.032813 0.118750
5 0.030246 0.676831 0.025400 0.034520
5 0.093500 0.679543 0.033594 0.067378
7 0.270046 0.480556 0.077635 0.092633
3 0.271246 0.444623 0.023710 0.023574
5 0.265568 0.462560 0.113973 0.127217
4 0.928458 0.403217 0.033576 0.065816
5 0.923438 0.418750 0.071875 0.100000
5 0.978906 0.411719 0.042188 0.085938
