1 0.196368 0.034375 0.074183 0.064062
7 0.173214 0.192969 0.173276 0.254688
5 0.168750 0.279687 0.337500 0.559375
6 0.858181 0.426563 0.117643 0.173437
6 0.639844 0.121875 0.120313 0.243750
6 0.940625 0.115625 0.118750 0.231250
6 0.633594 0.513281 0.079687 0.092188
6 0.791406 0.524219 0.079687 0.070312
6 0.634462 0.402344 0.108359 0.181250
8 0.289844 0.779687 0.579688 0.440625
0 0.511194 0.656250 0.031577 0.028125
7 0.505635 0.715625 0.077235 0.057813
5 0.492971 0.701562 0.115535 0.126562
4 0.816406 0.864844 0.367188 0.270313
5 0.789844 0.779687 0.420312 0.440625
