8 0.098437 0.234375 0.196875 0.468750
8 0.154688 0.278125 0.309375 0.381250
7 0.089284 0.369531 0.031723 0.040625
5 0.087740 0.367969 0.036519 0.050000
5 0.707812 0.234375 0.584375 0.468750
4 0.714844 0.357812 0.445312 0.221875
2 0.771094 0.028125 0.232813 0.056250
1 0.741702 0.235156 0.191408 0.201563
8 0.194531 0.734375 0.389062 0.531250
8 0.056250 0.668750 0.112500 0.400000
8 0.524307 0.596875 0.175037 0.137500
8 0.726632 0.665625 0.232233 0.218750
8 0.694531 0.734375 0.610938 0.531250
2 0.733264 0.632812 0.014262 0.017188
3 0.732265 0.651563 0.012664 0.014063
5 0.735889 0.675781 0.051255 0.107813
4 0.728785 0.682031 0.020822 0.043750
