8 0.275781 0.146875 0.498437 0.293750
5 0.363625 0.089919 0.015780 0.026653
8 0.784375 0.169531 0.431250 0.339062
7 0.732031 0.196875 0.326562 0.284375
7 0.719531 0.242969 0.301563 0.192188
3 0.799345 0.045728 0.092506 0.055224
2 0.781250 0.007812 0.131250 0.015625
7 0.645757 0.126306 0.130424 0.127317
2 0.665747 0.047286 0.054842 0.026881
5 0.639062 0.107031 0.140625 0.173437
5 0.769531 0.169531 0.401562 0.339062
0 0.170547 0.446169 0.067633 0.076953
4 0.134468 0.604968 0.104279 0.199037
5 0.121875 0.701562 0.162500 0.596875
5 0.916406 0.415625 0.167187 0.153125
