8 0.294531 0.242188 0.589063 0.453125
2 0.086643 0.261719 0.032922 0.018750
5 0.108854 0.319531 0.121122 0.139063
4 0.695312 0.028906 0.212500 0.057813
4 0.646094 0.255469 0.114062 0.189062
0 0.640625 0.140625 0.103125 0.062500
2 0.860156 0.023438 0.076563 0.046875
3 0.811829 0.034375 0.039253 0.032813
5 0.745313 0.094531 0.312500 0.189062
5 0.681250 0.284375 0.184375 0.368750
7 0.286566 0.512500 0.017369 0.031250
0 0.287996 0.489844 0.006305 0.009375
5 0.282750 0.528125 0.031750 0.085938
9 0.575000 0.489844 0.028125 0.042188
8 0.428077 0.664844 0.209794 0.340625
5 0.325498 0.758594 0.053698 0.098437
8 0.294531 0.734375 0.589063 0.531250
3 0.871474 0.788281 0.007912 0.017188
2 0.684409 0.728906 0.012582 0.014063
2 0.657820 0.724219 0.011010 0.012500
2 0.889320 0.767188 0.015743 0.020313
2 0.876097 0.777344 0.012600 0.017188
3 0.682134 0.740625 0.007876 0.010937
3 0.655571 0.740625 0.007858 0.007812
4 0.871764 0.838281 0.028580 0.078125
4 0.882675 0.833594 0.020722 0.070312
4 0.891200 0.821875 0.022339 0.079687
2 0.883928 0.780469 0.009466 0.015625
5 0.887403 0.840625 0.058803 0.170313
5 0.877311 0.851562 0.066552 0.159375
5 0.859364 0.855469 0.068197 0.173437
5 0.645756 0.799219 0.051000 0.171875
5 0.666132 0.810156 0.057323 0.184375
