8 0.053906 0.204687 0.107813 0.409375
9 0.363281 0.189062 0.010937 0.053125
9 0.220312 0.104688 0.040625 0.057813
9 0.327344 0.159375 0.082812 0.075000
9 0.350781 0.273438 0.035937 0.075000
0 0.014844 0.342187 0.010937 0.009375
7 0.007031 0.371094 0.014063 0.039062
5 0.014063 0.393750 0.028125 0.112500
0 0.243750 0.298438 0.007812 0.007812
4 0.238281 0.319531 0.012500 0.031250
5 0.236719 0.337500 0.021875 0.089063
5 0.250781 0.336719 0.023438 0.092188
5 0.170313 0.441406 0.035937 0.115625
5 0.200781 0.446094 0.039062 0.107813
5 0.221094 0.444531 0.029687 0.110937
5 0.241406 0.442969 0.035937 0.114062
5 0.232813 0.380469 0.012500 0.017188
5 0.257031 0.370312 0.018750 0.037500
0 0.258594 0.360156 0.014063 0.015625
7 0.254688 0.377344 0.012500 0.015625
0 0.274219 0.357812 0.010937 0.010937
7 0.272656 0.388281 0.018750 0.046875
5 0.273438 0.383594 0.021875 0.067187
0 0.260937 0.387500 0.014063 0.015625
7 0.264062 0.417187 0.018750 0.039062
5 0.262500 0.439844 0.031250 0.120313
7 0.240625 0.421875 0.029687 0.045312
7 0.222656 0.423438 0.023438 0.046875
7 0.203125 0.429688 0.034375 0.046875
7 0.171875 0.423438 0.032813 0.042188
0 0.177344 0.391406 0.012500 0.015625
0 0.201563 0.398438 0.012500 0.014063
0 0.229687 0.389062 0.009375 0.010937
0 0.246875 0.392969 0.012500 0.012500
0 0.255469 0.296875 0.010937 0.009375
0 0.286719 0.305469 0.012500 0.012500
0 0.296875 0.298438 0.010937 0.012500
0 0.325000 0.353125 0.010937 0.012500
0 0.292969 0.356250 0.012500 0.014063
0 0.306250 0.392188 0.012500 0.015625
0 0.317969 0.400000 0.012500 0.014063
0 0.364844 0.378125 0.007812 0.015625
6 0.352344 0.360156 0.010937 0.031250
5 0.357031 0.428125 0.023438 0.118750
5 0.331250 0.382812 0.032813 0.076563
5 0.292187 0.440625 0.037500 0.118750
5 0.312500 0.442188 0.037500 0.115625
5 0.293750 0.382812 0.023438 0.067187
5 0.284375 0.325000 0.017188 0.056250
5 0.296094 0.321094 0.017188 0.060937
7 0.361719 0.410938 0.014063 0.046875
7 0.327344 0.377344 0.018750 0.029687
7 0.312500 0.428125 0.026562 0.043750
7 0.295312 0.425781 0.026562 0.048438
7 0.293750 0.384375 0.020313 0.043750
7 0.283594 0.330469 0.015625 0.035937
7 0.295312 0.325781 0.015625 0.031250
7 0.251563 0.321875 0.020313 0.032813
6 0.257031 0.170313 0.007812 0.026562
6 0.248438 0.162500 0.007812 0.020313
6 0.253906 0.154688 0.007812 0.031250
5 0.998437 0.129688 0.003125 0.009375
8 0.991406 0.142187 0.017188 0.046875
8 0.665625 0.127344 0.593750 0.254688
8 0.085156 0.785937 0.170313 0.356250
8 0.277344 0.750000 0.182812 0.500000
0 0.817187 0.523438 0.081250 0.046875
4 0.805469 0.658594 0.182812 0.231250
5 0.803125 0.685156 0.256250 0.370312
