8 0.200000 0.225000 0.400000 0.450000
0 0.256266 0.406034 0.051853 0.050300
0 0.296210 0.389078 0.037745 0.042406
0 0.327687 0.350198 0.051872 0.053425
0 0.442504 0.355553 0.034602 0.039262
0 0.454463 0.314215 0.037736 0.040843
3 0.348581 0.384695 0.015716 0.015716
3 0.298363 0.421904 0.022002 0.022002
3 0.272656 0.442188 0.023438 0.015625
7 0.306250 0.433594 0.071875 0.032813
7 0.352344 0.419531 0.092188 0.060937
7 0.454688 0.402344 0.050000 0.095312
5 0.370312 0.383594 0.165625 0.132812
5 0.320312 0.407031 0.131250 0.085938
1 0.739844 0.278906 0.520312 0.342187
2 0.734375 0.082031 0.509375 0.164062
4 0.739844 0.397656 0.520312 0.104688
5 0.739844 0.225000 0.520312 0.450000
8 0.286719 0.725000 0.385937 0.550000
7 0.438852 0.507674 0.037836 0.058031
5 0.428582 0.527146 0.080506 0.141089
5 0.776679 0.648739 0.047402 0.090898
8 0.865625 0.725000 0.268750 0.550000
8 0.814844 0.655469 0.351562 0.410938
