8 0.207813 0.152344 0.303125 0.304688
8 0.269128 0.102602 0.093787 0.138573
8 0.040767 0.125569 0.074892 0.125855
3 0.711971 0.233934 0.022039 0.014317
2 0.707474 0.217583 0.029906 0.019095
4 0.712370 0.266738 0.058376 0.049110
5 0.722726 0.316610 0.122912 0.224837
6 0.112715 0.858316 0.020731 0.036174
6 0.246054 0.878637 0.017606 0.036137
6 0.320082 0.894179 0.012864 0.031395
6 0.324915 0.881625 0.011301 0.031377
6 0.255765 0.849621 0.009684 0.026672
6 0.203704 0.826012 0.009648 0.023547
6 0.167984 0.807680 0.009611 0.020422
6 0.183682 0.801248 0.004887 0.017242
9 0.188651 0.776975 0.030124 0.037845
0 0.880469 0.983594 0.076563 0.032813
0 0.746094 0.995313 0.032813 0.009375
