5 0.376102 0.178906 0.057668 0.121875
4 0.376720 0.164844 0.028689 0.048438
0 0.374721 0.127344 0.011065 0.010937
7 0.739844 0.275781 0.360938 0.207813
5 0.739844 0.189844 0.360938 0.379688
8 0.235937 0.471094 0.400000 0.182812
6 0.047288 0.507031 0.036665 0.062500
6 0.368410 0.643750 0.114936 0.209375
6 0.414903 0.610938 0.097494 0.187500
6 0.445635 0.566406 0.089336 0.157812
6 0.439603 0.517969 0.082941 0.145313
6 0.405790 0.432031 0.039862 0.068750
6 0.437831 0.432812 0.039881 0.070312
6 0.476112 0.432812 0.027272 0.060937
6 0.487150 0.508594 0.065462 0.120313
6 0.496915 0.475000 0.046549 0.106250
6 0.515392 0.451562 0.051164 0.100000
9 0.316406 0.402344 0.057813 0.045312
9 0.296875 0.408594 0.081250 0.057813
