8 0.259375 0.244531 0.518750 0.489063
0 0.097925 0.185332 0.033158 0.029878
3 0.099123 0.216573 0.017442 0.021975
7 0.080864 0.241677 0.060357 0.084720
5 0.096806 0.281426 0.101074 0.227135
1 0.867188 0.185156 0.265625 0.370312
4 0.791406 0.379688 0.417187 0.218750
5 0.759375 0.244531 0.481250 0.489063
5 0.215730 0.773572 0.024474 0.089199
7 0.219700 0.768080 0.011319 0.032876
8 0.195312 0.744531 0.390625 0.510938
9 0.950781 0.495312 0.039062 0.012500
9 0.975116 0.512524 0.048965 0.045594
9 0.949280 0.517361 0.064553 0.042560
9 0.853014 0.532764 0.052090 0.045612
9 0.702768 0.554730 0.053689 0.048747
9 0.579131 0.572636 0.055251 0.048756
