8 0.346875 0.153125 0.265625 0.306250
0 0.306988 0.041609 0.040852 0.039299
0 0.268762 0.032456 0.028316 0.032976
0 0.234375 0.011719 0.040625 0.023438
0 0.132865 0.026216 0.026744 0.031405
0 0.067839 0.057843 0.031395 0.025182
3 0.221083 0.036640 0.011010 0.012564
3 0.271709 0.062907 0.017287 0.017287
3 0.297381 0.081507 0.018859 0.018859
7 0.329072 0.139914 0.067997 0.139453
7 0.272954 0.117585 0.045949 0.109639
7 0.227714 0.105349 0.064762 0.120685
7 0.144620 0.154268 0.030124 0.075173
7 0.114442 0.104446 0.058640 0.142524
7 0.061099 0.142255 0.041389 0.131486
5 0.061671 0.178188 0.054707 0.272184
5 0.103906 0.182812 0.095312 0.365625
5 0.137470 0.174622 0.069096 0.328516
5 0.221875 0.183594 0.087500 0.367188
5 0.270978 0.188688 0.058295 0.351890
5 0.319315 0.205594 0.095886 0.367733
8 0.824219 0.403125 0.117188 0.031250
9 0.525781 0.405469 0.023438 0.026562
7 0.639062 0.603125 0.318750 0.368750
5 0.739844 0.709375 0.520312 0.581250
