8 0.222656 0.159375 0.445312 0.318750
8 0.456250 0.024219 0.125000 0.048438
8 0.050000 0.058047 0.043750 0.028380
9 0.100000 0.062444 0.043750 0.029942
4 0.844531 0.129499 0.304688 0.145523
3 0.681250 0.182792 0.056250 0.042515
2 0.632812 0.164324 0.071875 0.066043
5 0.791406 0.186719 0.417187 0.264062
5 0.261719 0.659375 0.523438 0.681250
4 0.213281 0.798438 0.426563 0.403125
2 0.235937 0.371094 0.234375 0.104688
1 0.195312 0.498654 0.217188 0.334076
0 0.835156 0.507031 0.329688 0.376563
3 0.903125 0.792969 0.193750 0.335938
7 0.769531 0.905469 0.460938 0.189062
5 0.769531 0.659375 0.460938 0.681250
