8 0.569531 0.263281 0.098437 0.242188
8 0.366392 0.292969 0.224057 0.187500
8 0.358962 0.192969 0.096331 0.087500
7 0.181128 0.167969 0.007976 0.014063
0 0.180492 0.155469 0.006323 0.006250
5 0.180374 0.165625 0.011301 0.031250
8 0.426563 0.863281 0.321875 0.273438
2 0.054688 0.995313 0.018750 0.009375
9 0.563705 0.958594 0.039462 0.034375
9 0.606250 0.950781 0.025000 0.035937
9 0.493238 0.971875 0.047475 0.051562
9 0.473438 0.969531 0.068750 0.060937
5 0.839063 0.585156 0.068750 0.092188
8 0.809375 0.769531 0.381250 0.460938
