8 0.231250 0.344531 0.462500 0.689063
8 0.145313 0.305469 0.290625 0.510938
8 0.413281 0.176573 0.154688 0.102462
0 0.096875 0.331539 0.014063 0.011019
3 0.095312 0.346392 0.009375 0.009430
4 0.097656 0.362003 0.018750 0.031359
5 0.103906 0.365873 0.039062 0.083040
1 0.808594 0.414062 0.382812 0.315625
2 0.809375 0.144531 0.381250 0.117188
4 0.750000 0.621875 0.500000 0.134375
5 0.750000 0.385937 0.500000 0.606250
1 0.750000 0.887500 0.500000 0.225000
4 0.750000 0.960156 0.500000 0.079687
5 0.750000 0.844531 0.500000 0.310937
