8 0.783594 0.214844 0.432812 0.429688
8 0.585156 0.273438 0.614062 0.312500
7 0.809669 0.116831 0.033049 0.040816
5 0.812031 0.113720 0.037791 0.050218
8 0.109014 0.730072 0.190635 0.271412
5 0.187500 0.991406 0.018750 0.017188
6 0.359237 0.589595 0.053625 0.086247
6 0.541450 0.559404 0.028452 0.056414
6 0.686667 0.576656 0.025227 0.039208
6 0.816073 0.625848 0.022093 0.037627
6 0.886985 0.657512 0.017378 0.032912
6 0.894089 0.645053 0.014253 0.032894
6 0.831076 0.598591 0.012664 0.028198
6 0.783624 0.563157 0.012645 0.025073
6 0.905530 0.827156 0.047420 0.094023
6 0.956638 0.771202 0.025336 0.057958
6 0.992912 0.713599 0.011101 0.028189
6 0.974398 0.672864 0.009539 0.028180
6 0.969743 0.667368 0.009548 0.029742
6 0.991541 0.680777 0.011110 0.029751
6 0.995447 0.680800 0.006414 0.028161
6 0.959532 0.676684 0.009520 0.025055
6 0.751743 0.537190 0.012627 0.021948
6 0.769730 0.534169 0.007912 0.017233
9 0.503125 0.786719 0.487500 0.426563
9 0.778460 0.510782 0.036183 0.042397
