8 0.214844 0.175000 0.429688 0.350000
8 0.353125 0.275000 0.153125 0.550000
7 0.186834 0.108104 0.033022 0.036128
2 0.179616 0.076032 0.017297 0.018850
5 0.198603 0.116766 0.069368 0.106650
6 0.525084 0.174019 0.053743 0.106559
9 0.748437 0.293750 0.503125 0.512500
6 0.474219 0.005469 0.017188 0.010937
3 0.280842 0.580784 0.011001 0.011001
0 0.275000 0.560937 0.021875 0.021875
4 0.271572 0.598698 0.039335 0.047102
4 0.357619 0.617948 0.036337 0.068959
5 0.362500 0.616406 0.071875 0.132812
5 0.283594 0.623437 0.085938 0.146875
0 0.964844 0.599219 0.070312 0.098437
4 0.938281 0.792969 0.123438 0.292187
5 0.907031 0.775000 0.185938 0.450000
5 0.508594 0.775000 0.157812 0.450000
