8 0.524219 0.204687 0.270313 0.409375
8 0.335938 0.337500 0.231250 0.143750
8 0.187500 0.374219 0.087500 0.070312
8 0.782813 0.089063 0.246875 0.178125
7 0.777823 0.053125 0.018886 0.023438
5 0.775434 0.060937 0.028452 0.056250
8 0.943750 0.202344 0.112500 0.198437
0 0.492908 0.571094 0.083094 0.048438
0 0.360636 0.612500 0.077162 0.103125
3 0.362098 0.629687 0.040870 0.042188
3 0.495519 0.659375 0.048792 0.060937
4 0.547617 0.835938 0.145586 0.315625
7 0.332031 0.837500 0.164062 0.325000
5 0.301563 0.776563 0.275000 0.446875
5 0.548438 0.704688 0.218750 0.590625
