8 0.157812 0.247656 0.315625 0.442188
7 0.178439 0.365564 0.020603 0.025118
5 0.176785 0.373367 0.035030 0.056450
8 0.364063 0.420312 0.150000 0.096875
6 0.882812 0.179688 0.234375 0.359375
3 0.705581 0.321823 0.080651 0.083276
2 0.676149 0.165391 0.104198 0.092787
4 0.739062 0.418750 0.206250 0.100000
5 0.778906 0.271094 0.442188 0.395313
8 0.143750 0.593750 0.287500 0.250000
8 0.310156 0.707812 0.257812 0.478125
9 0.027344 0.589063 0.054688 0.046875
5 0.411719 0.553906 0.054688 0.092188
8 0.719531 0.734375 0.560937 0.531250
