6 0.390419 0.403327 0.024219 0.067324
0 0.306664 0.081962 0.006305 0.004724
0 0.300369 0.085904 0.006341 0.007849
7 0.304947 0.095252 0.007958 0.012545
7 0.297862 0.099980 0.011174 0.020376
5 0.297071 0.100766 0.012955 0.039135
5 0.307218 0.101488 0.016152 0.045403
1 0.616503 0.333778 0.163756 0.243124
2 0.762500 0.092188 0.287500 0.184375
5 0.734375 0.250000 0.531250 0.500000
8 0.221094 0.750000 0.442188 0.500000
6 0.594531 0.890625 0.251563 0.218750
6 0.877344 0.861719 0.167187 0.276562
6 0.978125 0.811719 0.043750 0.239063
