8 0.208594 0.289274 0.325000 0.373766
8 0.298438 0.284375 0.381250 0.568750
0 0.200781 0.316663 0.004687 0.006277
7 0.195312 0.334664 0.010937 0.021939
5 0.193750 0.342485 0.021875 0.061065
9 0.189062 0.333138 0.046875 0.056523
8 0.150000 0.298990 0.045312 0.048701
8 0.092188 0.313389 0.057813 0.059711
8 0.038281 0.292609 0.040625 0.062736
8 0.020313 0.290625 0.040625 0.065625
8 0.007031 0.282813 0.014063 0.078125
8 0.744531 0.284375 0.510938 0.568750
8 0.886719 0.309375 0.226562 0.518750
5 0.560937 0.036719 0.050000 0.073438
3 0.454688 0.600781 0.068750 0.064062
7 0.318750 0.811719 0.340625 0.376563
5 0.294531 0.784375 0.389062 0.431250
3 0.650781 0.752692 0.185938 0.313582
7 0.593750 0.784375 0.209375 0.431250
0 0.832812 0.771875 0.334375 0.406250
5 0.744531 0.784375 0.510938 0.431250
