8 0.299219 0.224219 0.132812 0.132812
8 0.524219 0.266406 0.101562 0.107813
8 0.627344 0.214844 0.023438 0.095312
9 0.621094 0.160938 0.026562 0.032813
1 0.710938 0.213281 0.143750 0.248438
4 0.800000 0.360156 0.321875 0.257812
5 0.819531 0.244531 0.360938 0.489063
0 0.239844 0.520312 0.082812 0.062500
0 0.098437 0.541406 0.087500 0.098437
2 0.369531 0.515625 0.085938 0.053125
2 0.007031 0.544531 0.014063 0.082812
3 0.563281 0.509375 0.073438 0.040625
3 0.388281 0.606250 0.042188 0.068750
3 0.243750 0.588281 0.045312 0.042188
3 0.098437 0.632812 0.046875 0.050000
4 0.096875 0.782813 0.131250 0.281250
4 0.263281 0.733594 0.142187 0.265625
4 0.453906 0.786719 0.142187 0.346875
4 0.580469 0.755469 0.117188 0.489063
5 0.556250 0.744531 0.165625 0.510938
5 0.414062 0.744531 0.262500 0.510938
5 0.270313 0.744531 0.243750 0.510938
5 0.102344 0.744531 0.204687 0.510938
5 0.035937 0.750000 0.071875 0.500000
7 0.816406 0.905469 0.182812 0.189062
0 0.686719 0.867188 0.081250 0.145313
3 0.721094 0.914062 0.026562 0.059375
5 0.806250 0.885938 0.312500 0.228125
