8 0.178125 0.070312 0.356250 0.140625
8 0.704688 0.229687 0.590625 0.459375
8 0.806250 0.345313 0.387500 0.228125
7 0.530939 0.364063 0.031450 0.034375
2 0.525652 0.332813 0.015725 0.017188
5 0.542622 0.370312 0.064644 0.100000
2 0.219984 0.625000 0.011001 0.010937
2 0.267772 0.602344 0.014144 0.014063
2 0.282556 0.612500 0.009430 0.009375
4 0.226016 0.662500 0.025218 0.037500
4 0.268348 0.637500 0.018950 0.034375
4 0.290964 0.644531 0.025209 0.035937
5 0.293948 0.668750 0.053879 0.129688
5 0.269184 0.628125 0.033194 0.065625
5 0.244084 0.645312 0.041070 0.076563
4 0.242517 0.646094 0.026808 0.042188
4 0.228291 0.674219 0.044414 0.114062
7 0.166406 0.773438 0.332813 0.453125
3 0.049219 0.581250 0.098437 0.106250
5 0.171094 0.729688 0.342187 0.540625
3 0.826280 0.628125 0.023537 0.017188
2 0.819335 0.613281 0.032940 0.021875
4 0.832334 0.661719 0.062827 0.056250
5 0.850812 0.708594 0.154507 0.237500
