8 0.759375 0.244531 0.481250 0.489063
8 0.931250 0.248438 0.137500 0.481250
5 0.590625 0.035937 0.046875 0.071875
6 0.250781 0.744531 0.501563 0.510938
3 0.044531 0.793750 0.089063 0.162500
2 0.076563 0.526563 0.153125 0.075000
5 0.235156 0.744531 0.470313 0.510938
6 0.985928 0.544553 0.009666 0.025109
6 0.994531 0.562500 0.010937 0.021875
6 0.894531 0.544835 0.009557 0.015734
6 0.823437 0.545663 0.009575 0.017297
6 0.735955 0.545118 0.012736 0.020458
6 0.646111 0.546164 0.012773 0.023583
6 0.525781 0.549219 0.014063 0.026562
6 0.530469 0.589844 0.023438 0.042188
6 0.566042 0.647082 0.038245 0.064499
6 0.658955 0.785044 0.063882 0.119477
6 0.940615 0.545080 0.007976 0.014153
6 0.988944 0.553892 0.011137 0.017315
6 0.570439 0.537671 0.011156 0.018877
6 0.682149 0.537152 0.009575 0.017297
6 0.747747 0.538732 0.009557 0.015734
6 0.816488 0.538713 0.006395 0.012573
6 0.850863 0.538313 0.006395 0.012573
6 0.861055 0.535070 0.006395 0.012573
6 0.869658 0.534189 0.004797 0.009430
6 0.879097 0.528611 0.004797 0.009430
6 0.934474 0.535778 0.006395 0.012573
6 0.927470 0.533516 0.004815 0.010992
6 0.924364 0.531990 0.004815 0.010992
6 0.917341 0.531291 0.004815 0.010992
6 0.915797 0.529746 0.004797 0.009430
6 0.912690 0.528220 0.004797 0.009430
6 0.891615 0.526903 0.004797 0.009430
6 0.875199 0.527875 0.003216 0.007849
6 0.983620 0.541455 0.004833 0.012555
6 0.981340 0.536014 0.004815 0.010992
6 0.979033 0.532916 0.004815 0.010992
6 0.942241 0.539593 0.004851 0.014117
