8 0.232813 0.302344 0.306250 0.232813
8 0.359375 0.239844 0.418750 0.357812
0 0.225000 0.392725 0.004687 0.006277
7 0.220312 0.408594 0.009375 0.020313
5 0.220312 0.403125 0.018750 0.031250
9 0.215625 0.400000 0.043750 0.037500
8 0.175000 0.377591 0.043750 0.045567
8 0.117969 0.391406 0.054688 0.054688
8 0.064844 0.376169 0.035937 0.061147
8 0.043750 0.376827 0.045312 0.064326
8 0.020313 0.367188 0.040625 0.075000
8 0.006250 0.366406 0.012500 0.073438
8 0.784375 0.073438 0.431250 0.146875
8 0.667188 0.045312 0.184375 0.090625
7 0.325781 0.714844 0.485938 0.570312
5 0.318750 0.709375 0.500000 0.581250
3 0.442969 0.477344 0.064062 0.117188
8 0.810156 0.660937 0.379688 0.484375
8 0.719531 0.758490 0.184375 0.177635
