8 0.194531 0.269531 0.389062 0.539062
4 0.293348 0.156974 0.033231 0.036128
3 0.295983 0.131987 0.014226 0.014144
2 0.297709 0.117934 0.015770 0.012591
5 0.286998 0.165531 0.052908 0.115925
0 0.456250 0.046875 0.134375 0.093750
0 0.964063 0.135937 0.071875 0.265625
3 0.421875 0.175781 0.065625 0.098437
4 0.427344 0.343750 0.076563 0.390625
5 0.446875 0.269531 0.115625 0.539062
5 0.858594 0.257812 0.282813 0.515625
3 0.634970 0.876115 0.017369 0.015725
2 0.633826 0.840168 0.023656 0.018886
4 0.634206 0.941740 0.055924 0.106568
5 0.631250 0.914062 0.078125 0.171875
