8 0.314063 0.223438 0.450000 0.446875
8 0.135937 0.407031 0.271875 0.164062
2 0.324081 0.279687 0.012591 0.015625
7 0.344298 0.296094 0.026772 0.035937
5 0.337244 0.300000 0.042524 0.057813
8 0.608605 0.116406 0.028298 0.029687
9 0.581198 0.127344 0.029851 0.028125
9 0.980703 0.078125 0.014144 0.014063
3 0.638706 0.179688 0.007876 0.010937
0 0.640377 0.160938 0.017369 0.031250
5 0.629680 0.253906 0.038764 0.217188
4 0.078906 0.603125 0.157812 0.228125
5 0.148438 0.744531 0.296875 0.510938
7 0.650781 0.674219 0.223438 0.370312
5 0.644531 0.744531 0.210938 0.510938
