8 0.165625 0.225000 0.331250 0.450000
8 0.825000 0.182031 0.350000 0.364063
4 0.041406 0.503125 0.082812 0.106250
4 0.095312 0.493750 0.096875 0.087500
4 0.272656 0.487500 0.148438 0.075000
4 0.492969 0.499219 0.210938 0.098437
7 0.095312 0.725781 0.190625 0.260937
7 0.337500 0.781250 0.246875 0.437500
1 0.408352 0.674168 0.023983 0.047148
0 0.415248 0.618772 0.057105 0.074092
0 0.565757 0.576767 0.093424 0.107323
7 0.543750 0.836719 0.212500 0.326562
6 0.610938 0.946875 0.078125 0.106250
5 0.439420 0.757353 0.118226 0.359140
5 0.527344 0.760156 0.245312 0.479687
5 0.282813 0.778906 0.356250 0.442188
5 0.119531 0.797656 0.239063 0.404687
5 0.264844 0.496094 0.176563 0.092188
5 0.477344 0.504687 0.326562 0.109375
3 0.726562 0.550781 0.153125 0.173437
4 0.825000 0.793750 0.350000 0.412500
5 0.825000 0.725000 0.350000 0.550000
