8 0.234375 0.164844 0.468750 0.329688
0 0.108037 0.259804 0.009402 0.004742
7 0.107311 0.269174 0.015698 0.012591
5 0.104980 0.271504 0.022066 0.032940
0 0.110531 0.285599 0.009402 0.004742
7 0.105898 0.294946 0.015707 0.014153
5 0.108269 0.299648 0.022066 0.032940
6 0.882812 0.004687 0.006250 0.009375
6 0.829688 0.008594 0.006250 0.017188
6 0.818892 0.058023 0.014344 0.048519
6 0.779589 0.016390 0.007985 0.029733
6 0.755533 0.044374 0.012727 0.039135
6 0.750755 0.028721 0.008022 0.035983
6 0.952522 0.065050 0.015952 0.056341
6 0.894242 0.118616 0.027035 0.081405
6 0.671445 0.093102 0.020694 0.065743
6 0.610339 0.063841 0.014326 0.045394
6 0.635975 0.038991 0.009602 0.039117
6 0.696004 0.017466 0.009557 0.031305
6 0.772656 0.007031 0.007812 0.014063
6 0.821504 0.566603 0.157814 0.269659
6 0.870313 0.959375 0.068750 0.081250
6 0.863029 0.855898 0.091616 0.170840
