8 0.275000 0.175000 0.550000 0.350000
0 0.507935 0.125781 0.034757 0.032813
3 0.509089 0.157812 0.019023 0.023438
7 0.523438 0.182031 0.053125 0.089063
5 0.503906 0.224219 0.092188 0.239063
1 0.673438 0.254688 0.246875 0.190625
2 0.718750 0.052344 0.337500 0.104688
5 0.775000 0.175000 0.450000 0.350000
9 0.170313 0.498437 0.153125 0.296875
2 0.278906 0.415625 0.214062 0.131250
2 0.460156 0.460938 0.179688 0.221875
3 0.331861 0.528906 0.107595 0.115625
3 0.518750 0.731250 0.062500 0.171875
4 0.399219 0.377344 0.089063 0.054688
4 0.180469 0.397656 0.082812 0.095312
4 0.360938 0.761719 0.312500 0.476562
4 0.050000 0.783594 0.100000 0.432812
5 0.065625 0.675000 0.131250 0.650000
5 0.462500 0.675000 0.175000 0.650000
5 0.396875 0.398438 0.103125 0.096875
5 0.190625 0.507031 0.153125 0.314063
5 0.363281 0.675000 0.373437 0.650000
2 0.708626 0.667969 0.085230 0.073438
4 0.696875 0.893750 0.137500 0.212500
1 0.733236 0.768750 0.025727 0.062500
5 0.658594 0.813281 0.217188 0.373437
