8 0.259375 0.189844 0.518750 0.379688
7 0.113281 0.132812 0.226562 0.265625
7 0.127344 0.128125 0.254688 0.256250
7 0.166406 0.020313 0.135937 0.040625
5 0.185156 0.025781 0.164062 0.051562
5 0.232031 0.173839 0.137500 0.280487
5 0.122656 0.194531 0.245312 0.389062
0 0.891406 0.162130 0.146875 0.121167
3 0.884375 0.280921 0.079687 0.058276
7 0.832031 0.319531 0.282813 0.139063
5 0.832031 0.239063 0.335938 0.300000
5 0.298438 0.841622 0.048438 0.100282
8 0.046875 0.888281 0.093750 0.120313
8 0.289844 0.759375 0.457813 0.481250
