8 0.284375 0.169531 0.568750 0.339062
2 0.222708 0.058594 0.032922 0.018750
5 0.240223 0.114844 0.124247 0.139063
8 0.621094 0.123438 0.104688 0.221875
6 0.796094 0.313281 0.029687 0.051562
7 0.644047 0.024219 0.011074 0.023438
0 0.644733 0.007812 0.006286 0.006250
5 0.641726 0.028125 0.020585 0.046875
0 0.974579 0.035156 0.007849 0.006250
0 0.980084 0.041406 0.006305 0.009375
7 0.972308 0.047656 0.007894 0.014063
7 0.978599 0.054688 0.012618 0.020313
5 0.979390 0.056250 0.015852 0.039062
5 0.969220 0.053906 0.020585 0.046875
8 0.398816 0.644531 0.205906 0.209375
8 0.078906 0.684375 0.157812 0.409375
8 0.284375 0.669531 0.568750 0.660937
3 0.343929 0.610156 0.009439 0.010937
2 0.350874 0.595313 0.014172 0.018750
4 0.344052 0.631250 0.020522 0.035937
5 0.338546 0.625000 0.044250 0.085938
8 0.784375 0.621094 0.431250 0.564063
7 0.715628 0.698438 0.023601 0.028125
2 0.721723 0.671875 0.011001 0.010937
2 0.778978 0.844531 0.014135 0.012500
2 0.855431 0.825781 0.014162 0.017188
3 0.850821 0.839063 0.009411 0.006250
3 0.774386 0.860938 0.009430 0.009375
5 0.724253 0.703906 0.048874 0.075000
5 0.759801 0.905469 0.069595 0.145313
7 0.842413 0.871094 0.036292 0.060937
7 0.758915 0.887500 0.041025 0.068750
7 0.637762 0.877344 0.039417 0.060937
0 0.635972 0.838281 0.014144 0.014063
5 0.636277 0.890625 0.056977 0.125000
5 0.842545 0.893750 0.063409 0.156250
