8 0.361213 0.625559 0.043006 0.070803
6 0.428491 0.685725 0.006450 0.017260
6 0.455599 0.706356 0.006450 0.017260
5 0.388281 0.717969 0.014063 0.023438
0 0.316772 0.684425 0.004724 0.003180
5 0.317454 0.693028 0.011174 0.020440
6 0.419752 0.698125 0.007976 0.014153
6 0.467517 0.689305 0.004887 0.017242
7 0.416300 0.659017 0.006359 0.009448
5 0.416255 0.662924 0.011192 0.022002
8 0.438384 0.641303 0.025491 0.042478
9 0.411331 0.615985 0.028398 0.023765
9 0.389202 0.637605 0.031577 0.028489
4 0.815123 0.066846 0.241807 0.104362
4 0.776703 0.346906 0.224075 0.191644
0 0.789913 0.218917 0.125691 0.060830
2 0.978906 0.038281 0.042188 0.057813
3 0.950270 0.069200 0.039444 0.033267
5 0.835938 0.124219 0.328125 0.242188
5 0.812958 0.454373 0.326658 0.549040
6 0.129688 0.878125 0.206250 0.243750
2 0.769531 0.857812 0.460938 0.187500
5 0.769531 0.872656 0.460938 0.254688
