2 0.133594 0.100000 0.267188 0.200000
5 0.204687 0.100000 0.409375 0.200000
2 0.502344 0.130469 0.114062 0.139063
5 0.563281 0.126562 0.307812 0.146875
6 0.388471 0.313038 0.011165 0.039126
9 0.084375 0.321875 0.168750 0.243750
0 0.400781 0.237500 0.017188 0.075000
7 0.396875 0.325000 0.025000 0.193750
5 0.392188 0.448437 0.034375 0.496875
8 0.567969 0.397656 0.317188 0.357812
8 0.593750 0.710938 0.368750 0.578125
4 0.471860 0.327723 0.011074 0.023501
2 0.470411 0.308201 0.006286 0.006286
5 0.471883 0.323817 0.020549 0.040743
