1 0.129688 0.184375 0.259375 0.240625
2 0.146094 0.038281 0.226562 0.076563
5 0.129688 0.159375 0.259375 0.318750
2 0.228906 0.490625 0.060937 0.087500
0 0.073023 0.469896 0.094332 0.100545
3 0.046497 0.598171 0.058158 0.059711
3 0.229246 0.608045 0.050336 0.058103
7 0.196094 0.746875 0.126562 0.362500
4 0.056250 0.742969 0.112500 0.279687
5 0.084375 0.697656 0.168750 0.604688
5 0.178125 0.719531 0.162500 0.560937
8 0.711367 0.737979 0.360031 0.383332
0 0.615397 0.583074 0.020403 0.015743
7 0.611231 0.627628 0.039408 0.059602
5 0.621342 0.635381 0.069468 0.123837
