0 0.166950 0.069914 0.026744 0.031405
0 0.242677 0.079729 0.021993 0.020440
0 0.305181 0.079312 0.011028 0.015689
0 0.290419 0.065163 0.026744 0.031405
0 0.292604 0.092520 0.045540 0.039326
0 0.379355 0.087556 0.025145 0.025145
0 0.422656 0.097656 0.032813 0.042188
7 0.399998 0.165023 0.018886 0.023547
7 0.374235 0.161748 0.063045 0.094114
7 0.314138 0.151241 0.023956 0.089199
7 0.283724 0.141689 0.058212 0.069086
7 0.243081 0.144578 0.042669 0.083058
7 0.279490 0.197916 0.082095 0.145785
7 0.409375 0.216406 0.059375 0.160938
3 0.164484 0.090994 0.007912 0.017233
7 0.149376 0.136220 0.056814 0.097202
3 0.241746 0.105506 0.014144 0.014144
3 0.295520 0.128476 0.020422 0.018868
3 0.378414 0.114895 0.014144 0.014144
3 0.416550 0.140118 0.007931 0.020358
5 0.400000 0.255469 0.078125 0.367188
5 0.366968 0.202332 0.081215 0.262964
5 0.311726 0.162946 0.049510 0.184657
5 0.290883 0.119855 0.078998 0.150455
5 0.238312 0.158613 0.058894 0.186274
5 0.157825 0.161270 0.076273 0.219186
5 0.246875 0.251563 0.187500 0.375000
6 0.462500 0.291406 0.046875 0.110937
6 0.591841 0.263833 0.041125 0.086174
6 0.721651 0.243494 0.028498 0.064226
6 0.817118 0.217486 0.017442 0.043850
6 0.836754 0.199630 0.017406 0.037600
6 0.862598 0.188843 0.012691 0.032885
6 0.885300 0.181162 0.011074 0.023501
6 0.872069 0.172491 0.011074 0.023501
6 0.445312 0.171875 0.012500 0.034375
6 0.443750 0.157031 0.009375 0.032813
6 0.543372 0.134640 0.006350 0.017224
6 0.498868 0.129694 0.006341 0.015661
6 0.615983 0.142875 0.007922 0.018795
6 0.699522 0.152737 0.011065 0.021939
6 0.765887 0.160154 0.007912 0.017233
6 0.779559 0.227424 0.019050 0.051672
6 0.815083 0.164347 0.009502 0.021930
6 0.953342 0.169058 0.011065 0.021939
6 0.885427 0.159287 0.011056 0.020376
6 0.829963 0.158183 0.009493 0.020367
6 0.734705 0.148254 0.007931 0.020358
6 0.658179 0.141558 0.007922 0.018795
6 0.601952 0.137325 0.007912 0.017233
6 0.537158 0.128354 0.007903 0.015670
6 0.487176 0.124938 0.006359 0.018786
6 0.769480 0.214083 0.027035 0.081405
6 0.785096 0.215737 0.023901 0.079824
9 0.719531 0.344531 0.560937 0.189062
1 0.092969 0.734375 0.185938 0.346875
4 0.164844 0.922656 0.329688 0.154688
5 0.197656 0.719531 0.395313 0.560937
8 0.814063 0.719531 0.371875 0.560937
7 0.856625 0.515781 0.039281 0.037727
5 0.857402 0.516567 0.050400 0.069041
