5 0.304688 0.290625 0.609375 0.256250
2 0.235156 0.235156 0.470313 0.167187
5 0.800781 0.050000 0.148438 0.100000
5 0.242969 0.528906 0.332813 0.220312
5 0.115625 0.532813 0.231250 0.228125
5 0.146094 0.814063 0.285938 0.371875
5 0.268750 0.805469 0.362500 0.389062
7 0.248385 0.809375 0.271985 0.287500
7 0.096036 0.808594 0.134276 0.251563
7 0.081250 0.499219 0.118750 0.160938
7 0.232031 0.499219 0.248438 0.160938
0 0.329102 0.583594 0.130124 0.075000
0 0.165853 0.589063 0.128616 0.084375
0 0.174115 0.666406 0.133358 0.093750
0 0.329561 0.662500 0.138045 0.093750
8 0.799219 0.735156 0.379688 0.529687
8 0.980469 0.932031 0.039062 0.135937
