0 0.068750 0.103680 0.021875 0.022002
0 0.129688 0.090753 0.012500 0.017260
0 0.111719 0.078930 0.028125 0.031414
0 0.117188 0.104688 0.043750 0.043750
7 0.114844 0.156250 0.048438 0.071875
7 0.081250 0.167815 0.046875 0.084648
7 0.110937 0.212500 0.056250 0.150000
7 0.008594 0.177344 0.017188 0.101562
3 0.072656 0.129484 0.014063 0.014144
3 0.128906 0.141406 0.020313 0.020313
5 0.131250 0.170313 0.015625 0.187500
5 0.109375 0.132812 0.059375 0.156250
5 0.079687 0.182650 0.067187 0.189453
5 0.021875 0.200000 0.043750 0.225000
5 0.072656 0.282813 0.132812 0.406250
8 0.671875 0.275000 0.656250 0.550000
8 0.607812 0.075000 0.534375 0.150000
7 0.930469 0.641678 0.021875 0.053252
2 0.922656 0.595538 0.015625 0.017278
5 0.914062 0.668926 0.071875 0.167606
8 0.734375 0.775000 0.531250 0.450000
