1 0.186719 0.357031 0.373437 0.245312
2 0.191406 0.082812 0.382812 0.165625
5 0.264844 0.239844 0.529687 0.479687
1 0.871094 0.355469 0.257812 0.248438
2 0.864062 0.101562 0.271875 0.156250
5 0.764844 0.247656 0.470313 0.464062
8 0.336719 0.739844 0.385937 0.520312
8 0.226562 0.820312 0.359375 0.359375
5 0.689063 0.739844 0.318750 0.520312
5 0.903125 0.739844 0.193750 0.520312
4 0.692969 0.778906 0.214062 0.442188
4 0.921094 0.793750 0.157812 0.412500
1 0.899219 0.544531 0.142187 0.129688
1 0.642188 0.512500 0.115625 0.065625
