4 0.521094 0.163281 0.117188 0.201563
4 0.308606 0.173457 0.174040 0.321303
4 0.079687 0.189844 0.159375 0.329688
7 0.517969 0.526563 0.123438 0.425000
1 0.458517 0.435249 0.019277 0.045422
0 0.439167 0.383578 0.049237 0.069032
0 0.287550 0.378008 0.082377 0.097348
7 0.353906 0.606250 0.214062 0.265625
6 0.328125 0.714844 0.081250 0.048438
5 0.448561 0.519561 0.080581 0.345758
5 0.350000 0.531250 0.237500 0.415625
5 0.521875 0.521094 0.115625 0.435937
5 0.517188 0.139063 0.125000 0.278125
5 0.108594 0.178906 0.217188 0.357812
5 0.305469 0.168750 0.270313 0.337500
1 0.218052 0.044814 0.071240 0.080097
1 0.023438 0.021875 0.046875 0.043750
1 0.508078 0.062125 0.041116 0.042424
2 0.487500 0.010937 0.043750 0.021875
6 0.842969 0.369531 0.314063 0.739062
4 0.710938 0.616406 0.262500 0.245312
3 0.730420 0.414668 0.137683 0.150791
2 0.699219 0.096094 0.185938 0.192188
5 0.789844 0.369531 0.420312 0.739062
9 0.150781 0.869531 0.301563 0.260937
5 0.217969 0.869531 0.435937 0.260937
8 0.817969 0.971094 0.198437 0.057813
