1 0.329688 0.319531 0.459375 0.120313
2 0.342187 0.182031 0.434375 0.207813
5 0.279687 0.210938 0.559375 0.337500
2 0.974219 0.171875 0.051562 0.056250
2 0.878440 0.155469 0.064381 0.054688
2 0.809945 0.333594 0.053470 0.059375
0 0.724561 0.160156 0.081750 0.085938
3 0.566406 0.271094 0.014063 0.045312
3 0.736062 0.257031 0.045622 0.053125
3 0.893888 0.259375 0.037782 0.048438
3 0.983594 0.282031 0.032813 0.054688
4 0.919531 0.334375 0.142187 0.090625
7 0.758594 0.321094 0.167187 0.117188
5 0.897656 0.249219 0.204687 0.260937
5 0.750000 0.245312 0.262500 0.268750
5 0.631250 0.246875 0.143750 0.265625
1 0.432812 0.914844 0.253125 0.170313
1 0.210156 0.946094 0.251563 0.107813
