4 0.209375 0.391406 0.418750 0.295312
1 0.209375 0.171875 0.418750 0.343750
5 0.209375 0.269531 0.418750 0.539062
4 0.918750 0.128125 0.150000 0.256250
4 0.683594 0.111719 0.139063 0.223438
4 0.483594 0.139063 0.129688 0.278125
5 0.491406 0.269531 0.145313 0.539062
5 0.542969 0.269531 0.248438 0.539062
5 0.886719 0.269531 0.226562 0.539062
5 0.650000 0.269531 0.265625 0.539062
1 0.289062 0.741406 0.259375 0.404687
4 0.209375 0.896094 0.418750 0.207813
5 0.209375 0.769531 0.418750 0.460938
7 0.928906 0.711719 0.142187 0.326562
5 0.900000 0.769531 0.200000 0.460938
