1 0.143750 0.334375 0.287500 0.309375
2 0.121875 0.094531 0.243750 0.189062
5 0.239844 0.244531 0.479687 0.489063
4 0.608594 0.045312 0.207813 0.090625
3 0.518750 0.050000 0.059375 0.100000
5 0.739844 0.132031 0.520312 0.264062
8 0.288281 0.728906 0.382812 0.479687
0 0.617188 0.560937 0.275000 0.143750
0 0.839844 0.571875 0.182812 0.165625
3 0.885494 0.723445 0.111510 0.099083
3 0.629113 0.836659 0.204198 0.185557
4 0.888281 0.896094 0.223438 0.207813
5 0.860938 0.744531 0.278125 0.510938
5 0.664844 0.744531 0.370312 0.510938
