1 0.406250 0.154688 0.753125 0.309375
5 0.409375 0.154688 0.818750 0.309375
8 0.920312 0.097656 0.159375 0.195312
8 0.463281 0.455469 0.392188 0.292187
8 0.462500 0.710938 0.550000 0.578125
4 0.538947 0.346055 0.012773 0.023510
2 0.541853 0.327287 0.007903 0.007858
5 0.538910 0.342930 0.022348 0.040752
4 0.853906 0.402344 0.070312 0.185938
4 0.898438 0.397656 0.109375 0.176563
4 0.960938 0.399219 0.078125 0.179688
7 0.895312 0.645312 0.153125 0.243750
5 0.930469 0.774219 0.139063 0.451562
5 0.898438 0.763281 0.159375 0.473438
