1 0.391406 0.084375 0.254688 0.168750
4 0.289062 0.257812 0.459375 0.384375
5 0.259375 0.225000 0.518750 0.450000
9 0.645646 0.150042 0.036137 0.034584
9 0.708342 0.116812 0.032976 0.028316
9 0.682460 0.133849 0.029842 0.026735
8 0.946946 0.062729 0.031450 0.034557
9 0.921855 0.078209 0.032994 0.031441
3 0.987243 0.119216 0.009439 0.010992
0 0.985790 0.100457 0.022075 0.034502
5 0.978906 0.191406 0.042188 0.217188
4 0.849003 0.111380 0.031577 0.056432
0 0.840646 0.070705 0.017315 0.021975
5 0.854235 0.152037 0.066725 0.189444
1 0.299219 0.647656 0.439063 0.335938
2 0.287500 0.471094 0.462500 0.042188
4 0.259375 0.857031 0.518750 0.285938
5 0.259375 0.725000 0.518750 0.550000
8 0.759375 0.725000 0.481250 0.550000
