0 0.583594 0.320312 0.010937 0.021875
0 0.525781 0.310156 0.012500 0.017188
0 0.543750 0.296875 0.028125 0.031250
0 0.535937 0.325000 0.046875 0.042188
0 0.447656 0.304688 0.025000 0.026562
0 0.393750 0.307812 0.050000 0.043750
0 0.346094 0.312500 0.017188 0.020313
0 0.332813 0.311719 0.018750 0.020313
0 0.301563 0.302344 0.034375 0.032813
0 0.260156 0.271094 0.026562 0.025000
0 0.221875 0.241406 0.042188 0.045312
0 0.227344 0.298438 0.071875 0.076563
0 0.160156 0.318750 0.021875 0.025000
0 0.139063 0.306250 0.012500 0.010937
7 0.139844 0.329688 0.015625 0.029687
0 0.123438 0.302344 0.026562 0.026562
0 0.082812 0.278906 0.031250 0.029687
0 0.018750 0.288281 0.025000 0.026562
7 0.014063 0.374219 0.028125 0.107813
7 0.070312 0.373437 0.065625 0.117188
7 0.113281 0.375781 0.053125 0.101562
7 0.148438 0.381250 0.042188 0.085938
7 0.259375 0.347656 0.040625 0.084375
7 0.325781 0.377344 0.043750 0.076563
7 0.341406 0.371875 0.012500 0.056250
7 0.413281 0.382031 0.018750 0.025000
7 0.441406 0.382812 0.067187 0.098437
7 0.503906 0.382031 0.026562 0.092188
7 0.537500 0.377344 0.060937 0.071875
7 0.572656 0.386719 0.032813 0.085938
7 0.532031 0.435156 0.087500 0.153125
7 0.380469 0.430469 0.095312 0.168750
7 0.287500 0.387500 0.076563 0.109375
7 0.189844 0.353125 0.057813 0.137500
7 0.217969 0.496875 0.110937 0.256250
3 0.583594 0.347656 0.010937 0.014063
3 0.527344 0.361719 0.020313 0.020313
3 0.444531 0.333594 0.014063 0.015625
3 0.401562 0.353125 0.009375 0.020313
3 0.344531 0.333594 0.007812 0.010937
3 0.330469 0.332813 0.010937 0.010937
3 0.299219 0.332813 0.018750 0.015625
0 0.310937 0.325781 0.006250 0.017188
3 0.259375 0.296875 0.014063 0.014063
3 0.246875 0.353906 0.009375 0.028125
3 0.159375 0.339844 0.009375 0.010937
3 0.121094 0.330469 0.014063 0.014063
3 0.080469 0.310156 0.020313 0.015625
1 0.013281 0.312500 0.009375 0.021875
5 0.020313 0.416406 0.040625 0.289062
5 0.071094 0.419531 0.090625 0.314063
5 0.137500 0.321094 0.021875 0.043750
5 0.112500 0.415625 0.073438 0.256250
5 0.147656 0.412500 0.054688 0.218750
5 0.186719 0.432812 0.107813 0.434375
5 0.260937 0.335938 0.050000 0.159375
5 0.282813 0.449219 0.106250 0.335938
5 0.324219 0.403906 0.056250 0.206250
5 0.335156 0.394531 0.040625 0.185938
5 0.372656 0.465625 0.123438 0.368750
5 0.441406 0.425000 0.087500 0.273438
5 0.504687 0.393750 0.053125 0.192188
5 0.532813 0.353906 0.084375 0.156250
5 0.569531 0.401562 0.039062 0.193750
5 0.521094 0.475000 0.135937 0.350000
5 0.207031 0.452344 0.148438 0.395313
5 0.454688 0.825000 0.268750 0.350000
7 0.501563 0.668750 0.175000 0.037500
8 0.792188 0.825000 0.406250 0.350000
8 0.952344 0.887500 0.095312 0.225000
