4 0.390625 0.064844 0.078125 0.129688
4 0.185938 0.091406 0.162500 0.182812
7 0.370312 0.370312 0.118750 0.359375
1 0.312039 0.303906 0.017451 0.045312
0 0.297513 0.249219 0.047275 0.068750
0 0.141377 0.229687 0.080242 0.095312
7 0.182031 0.444531 0.204687 0.210938
5 0.292187 0.381250 0.062500 0.337500
5 0.185156 0.367188 0.214062 0.365625
5 0.373437 0.369531 0.112500 0.360938
5 0.389062 0.072656 0.081250 0.145313
5 0.189844 0.092969 0.251563 0.185938
4 0.203906 0.611719 0.245312 0.123438
5 0.236719 0.775000 0.385937 0.450000
