5 0.139844 0.229687 0.279687 0.459375
4 0.139844 0.348438 0.279687 0.221875
8 0.406250 0.413281 0.253125 0.092188
8 0.185938 0.671875 0.187500 0.371875
8 0.043750 0.729688 0.087500 0.540625
6 0.903906 0.939063 0.092188 0.121875
6 0.749219 0.846570 0.043750 0.102072
6 0.653906 0.789866 0.032813 0.072257
6 0.577344 0.769663 0.025000 0.056541
6 0.528125 0.759298 0.020313 0.050236
6 0.460938 0.753830 0.023438 0.048710
6 0.368750 0.760372 0.017188 0.039262
6 0.284375 0.770312 0.009375 0.037500
9 0.321875 0.700000 0.084375 0.121875
9 0.639844 0.925000 0.720313 0.150000
