5 0.184375 0.264844 0.368750 0.529687
4 0.647656 0.264844 0.260937 0.529687
4 0.750781 0.023438 0.029687 0.046875
4 0.851562 0.149219 0.150000 0.298438
4 0.886719 0.030469 0.054688 0.060937
4 0.951562 0.110156 0.096875 0.220312
4 0.990625 0.264844 0.018750 0.529687
5 0.781250 0.030469 0.096875 0.060937
5 0.932813 0.264844 0.134375 0.529687
5 0.961719 0.264844 0.076563 0.529687
5 0.828906 0.264844 0.220312 0.529687
0 0.630469 0.264844 0.395313 0.529687
9 0.663281 0.264844 0.589063 0.529687
8 0.184375 0.764844 0.368750 0.470313
8 0.869531 0.896094 0.260937 0.207813
9 0.513281 0.764844 0.289062 0.470313
7 0.546169 0.585503 0.022602 0.062755
0 0.539844 0.538281 0.014063 0.017188
5 0.547656 0.609375 0.032813 0.159375
