1 0.225000 0.402344 0.450000 0.264062
0 0.229687 0.165625 0.440625 0.225000
4 0.225000 0.470313 0.450000 0.159375
5 0.225000 0.275000 0.450000 0.550000
8 0.725000 0.275000 0.550000 0.550000
8 0.821875 0.047656 0.106250 0.095312
8 0.789844 0.089844 0.145313 0.179688
8 0.741406 0.083594 0.154688 0.167187
8 0.697656 0.079687 0.142187 0.159375
8 0.553906 0.060937 0.176563 0.121875
8 0.510938 0.050000 0.121875 0.100000
8 0.491406 0.045312 0.082812 0.090625
8 0.467187 0.040625 0.034375 0.081250
1 0.117188 0.863281 0.234375 0.273438
2 0.133594 0.742188 0.267188 0.112500
5 0.225000 0.811719 0.450000 0.376563
0 0.624597 0.633360 0.018950 0.017297
5 0.608944 0.702978 0.064391 0.162864
7 0.879792 0.789678 0.035084 0.061137
7 0.956381 0.921254 0.031759 0.043932
7 0.985938 0.946094 0.028125 0.064062
7 0.957812 0.977344 0.040625 0.045312
0 0.996094 0.897656 0.007812 0.020313
0 0.963085 0.882155 0.020603 0.025118
0 0.888168 0.741195 0.019005 0.021984
5 0.874014 0.816272 0.064627 0.183176
5 0.948438 0.933594 0.059375 0.132812
5 0.952344 0.963281 0.082812 0.073438
5 0.976562 0.942187 0.046875 0.115625
