1 0.219531 0.395313 0.439063 0.309375
2 0.219531 0.092969 0.439063 0.185938
4 0.219531 0.471875 0.439063 0.156250
5 0.219531 0.275000 0.439063 0.550000
3 0.803906 0.546094 0.010937 0.007812
0 0.789062 0.535937 0.018750 0.028125
0 0.641486 0.153731 0.027035 0.040780
7 0.632810 0.227996 0.038555 0.090843
3 0.640332 0.185767 0.011119 0.015689
5 0.632229 0.277996 0.056507 0.290934
8 0.219531 0.882031 0.439063 0.235937
4 0.930469 0.616406 0.039062 0.132812
4 0.973437 0.648438 0.053125 0.196875
4 0.857031 0.614844 0.085938 0.129688
4 0.766406 0.631250 0.092188 0.162500
4 0.612500 0.635156 0.100000 0.170313
4 0.515625 0.650000 0.106250 0.200000
5 0.525781 0.775000 0.139063 0.450000
5 0.621094 0.775000 0.126562 0.450000
5 0.763281 0.775000 0.117188 0.450000
5 0.862500 0.747656 0.103125 0.395313
5 0.947656 0.726562 0.098437 0.353125
5 0.962500 0.775000 0.075000 0.450000
