1 0.134375 0.294531 0.268750 0.229687
2 0.134375 0.101562 0.268750 0.203125
5 0.134375 0.204687 0.268750 0.409375
8 0.634375 0.204687 0.731250 0.409375
8 0.104688 0.449219 0.171875 0.079687
8 0.134375 0.704688 0.268750 0.590625
0 0.909375 0.433594 0.087500 0.048438
2 0.781456 0.771332 0.069259 0.087900
4 0.949219 0.577344 0.101562 0.245312
3 0.788983 0.820505 0.036165 0.039272
3 0.916019 0.469778 0.036165 0.039272
4 0.773438 0.910937 0.137500 0.178125
5 0.774219 0.860156 0.195312 0.279687
5 0.912500 0.704688 0.175000 0.590625
