2 0.527344 0.314844 0.264062 0.170313
5 0.329688 0.305469 0.659375 0.189062
8 0.815625 0.153906 0.312500 0.307812
5 0.773179 0.137500 0.012882 0.032813
6 0.356094 0.475781 0.060266 0.076563
6 0.170974 0.472656 0.049128 0.059375
6 0.069993 0.489844 0.030906 0.104688
6 0.007812 0.493750 0.015625 0.046875
9 0.329688 0.700000 0.659375 0.600000
3 0.855393 0.678125 0.229870 0.150000
4 0.829688 0.748437 0.340625 0.281250
2 0.800781 0.448437 0.282813 0.096875
5 0.829688 0.659375 0.340625 0.518750
2 0.794531 0.917969 0.270313 0.135937
5 0.829688 0.904687 0.340625 0.190625
