1 0.132812 0.145975 0.026562 0.023592
1 0.016406 0.224777 0.025000 0.025145
1 0.134375 0.275781 0.034375 0.026562
1 0.310156 0.146875 0.017188 0.031250
2 0.282031 0.001563 0.020313 0.003125
2 0.179688 0.022264 0.015625 0.012591
2 0.017188 0.190625 0.034375 0.046875
2 0.019531 0.116165 0.032813 0.026753
2 0.127344 0.096006 0.051562 0.040925
2 0.122656 0.220252 0.084375 0.067678
2 0.299219 0.089844 0.039062 0.057813
4 0.309375 0.212500 0.018750 0.131250
4 0.285156 0.026338 0.026562 0.031405
4 0.186719 0.055036 0.029687 0.034548
4 0.168750 0.198109 0.073438 0.111365
4 0.044531 0.187894 0.054688 0.084693
4 0.018750 0.257031 0.037500 0.064062
4 0.009375 0.164062 0.018750 0.025000
5 0.010937 0.142969 0.021875 0.054688
5 0.049219 0.159742 0.093750 0.134920
5 0.133594 0.233594 0.198437 0.110937
5 0.171094 0.176563 0.145313 0.225000
5 0.189062 0.076897 0.045312 0.125264
5 0.290625 0.039062 0.037500 0.078125
5 0.292969 0.172656 0.051562 0.232813
6 0.548438 0.173437 0.443750 0.231250
1 0.159375 0.844531 0.318750 0.267188
2 0.159375 0.517969 0.318750 0.270313
4 0.159375 0.904687 0.318750 0.190625
5 0.159375 0.677344 0.318750 0.645312
0 0.632031 0.307812 0.095312 0.037500
1 0.649219 0.388602 0.075000 0.084811
7 0.678125 0.558746 0.217188 0.295014
5 0.675781 0.644531 0.510938 0.710938
