1 0.250781 0.337500 0.501563 0.318750
2 0.247656 0.075000 0.495312 0.150000
5 0.350000 0.250000 0.700000 0.500000
8 0.850000 0.250000 0.300000 0.500000
4 0.274219 0.575781 0.548438 0.151562
5 0.350000 0.750000 0.700000 0.500000
0 0.938117 0.647515 0.023665 0.039335
0 0.877842 0.802893 0.022075 0.034630
0 0.962417 0.767537 0.025227 0.039353
0 0.832812 0.993750 0.021875 0.012500
7 0.882447 0.816901 0.036274 0.058231
7 0.956852 0.784006 0.058276 0.080360
7 0.939534 0.672497 0.047311 0.075545
5 0.986719 0.627344 0.026562 0.214062
5 0.935432 0.706136 0.071240 0.160193
5 0.942658 0.806826 0.089790 0.126036
5 0.876860 0.837277 0.061528 0.102272
5 0.835156 0.989844 0.035937 0.020313
