0 0.360938 0.112500 0.021875 0.034375
0 0.448437 0.078125 0.025000 0.040625
0 0.313281 0.317969 0.020313 0.032813
0 0.248438 0.328125 0.018750 0.021875
7 0.253906 0.325781 0.039062 0.026562
7 0.365625 0.126562 0.035937 0.059375
7 0.442969 0.094531 0.057813 0.081250
7 0.426563 0.008594 0.046875 0.017188
5 0.421094 0.047656 0.070312 0.095312
5 0.428125 0.117969 0.089063 0.128125
5 0.360938 0.147656 0.060937 0.103125
5 0.314844 0.317188 0.035937 0.043750
5 0.253906 0.325781 0.042188 0.026562
1 0.835156 0.120313 0.329688 0.240625
4 0.744531 0.258594 0.510938 0.160938
5 0.744531 0.169531 0.510938 0.339062
8 0.239844 0.657031 0.225000 0.279687
8 0.421875 0.652344 0.134375 0.335938
9 0.077344 0.764844 0.109375 0.053125
2 0.007812 0.750781 0.010937 0.010937
5 0.009375 0.767188 0.018750 0.046875
6 0.065625 0.770312 0.014063 0.035937
5 0.720313 0.669531 0.409375 0.660937
