1 0.279687 0.138281 0.540625 0.276562
4 0.275000 0.324219 0.550000 0.429688
5 0.275000 0.269531 0.550000 0.539062
7 0.807597 0.227184 0.151837 0.293915
0 0.801500 0.106036 0.092534 0.165117
5 0.789062 0.278125 0.209375 0.521875
2 0.428628 0.911971 0.064444 0.033558
2 0.148729 0.622034 0.106995 0.065299
4 0.469531 0.967187 0.089063 0.065625
4 0.168452 0.705846 0.175183 0.152018
3 0.154789 0.672879 0.072202 0.028961
3 0.423395 0.932220 0.033031 0.019132
5 0.449219 0.946094 0.201563 0.107813
5 0.169297 0.778502 0.288829 0.386122
8 0.775000 0.769531 0.450000 0.460938
