2 0.254688 0.265625 0.509375 0.259375
5 0.254688 0.267188 0.509375 0.303125
7 0.586814 0.232955 0.119479 0.331923
3 0.599219 0.010156 0.039062 0.020313
5 0.655469 0.209375 0.292187 0.418750
8 0.754687 0.209375 0.490625 0.418750
9 0.341677 0.577445 0.293970 0.289191
9 0.121094 0.585156 0.242188 0.292187
9 0.056250 0.775781 0.112500 0.448437
3 0.946391 0.458750 0.088027 0.045822
7 0.882812 0.625000 0.234375 0.300000
7 0.642969 0.586719 0.267188 0.335938
5 0.858594 0.709375 0.282813 0.581250
5 0.664062 0.709375 0.309375 0.581250
