1 0.200000 0.270313 0.400000 0.237500
5 0.200000 0.194531 0.400000 0.389062
3 0.493750 0.371094 0.118750 0.035937
4 0.551562 0.292969 0.281250 0.192188
5 0.700000 0.194531 0.600000 0.389062
4 0.278906 0.607812 0.242188 0.240625
5 0.200000 0.567969 0.400000 0.357812
3 0.329688 0.945312 0.140625 0.109375
2 0.344531 0.768750 0.110937 0.118750
5 0.227344 0.845313 0.345313 0.309375
0 0.482812 0.550781 0.165625 0.107813
0 0.824219 0.659734 0.123438 0.109249
4 0.766406 0.875781 0.217188 0.248438
4 0.457031 0.821875 0.114062 0.356250
5 0.733594 0.796094 0.323437 0.407813
5 0.510938 0.739062 0.221875 0.521875
3 0.500000 0.646586 0.071875 0.061774
3 0.804688 0.736069 0.075000 0.050873
