4 0.314844 0.307812 0.629687 0.321875
1 0.347656 0.077344 0.476562 0.154688
5 0.314844 0.234375 0.629687 0.468750
8 0.685156 0.090625 0.110937 0.181250
8 0.734375 0.270313 0.209375 0.396875
8 0.116406 0.832031 0.217188 0.335938
8 0.110937 0.685156 0.221875 0.260937
9 0.065937 0.520241 0.067615 0.073828
8 0.407813 0.583594 0.443750 0.229687
9 0.893213 0.560744 0.062745 0.042551
9 0.897288 0.531861 0.039244 0.031477
9 0.918254 0.553858 0.047120 0.042460
9 0.800149 0.576610 0.053398 0.047184
9 0.653125 0.599219 0.046875 0.051562
8 0.763281 0.873437 0.267188 0.231250
