4 0.082812 0.303125 0.165625 0.318750
4 0.272656 0.346094 0.154688 0.326562
0 0.072656 0.500307 0.085938 0.098937
5 0.245312 0.282031 0.209375 0.457813
5 0.113281 0.235156 0.226562 0.470313
1 0.167969 0.192267 0.073438 0.081677
1 0.340625 0.185938 0.018750 0.056250
8 0.703906 0.287500 0.592187 0.543750
2 0.554688 0.022177 0.026562 0.023592
2 0.482031 0.172535 0.045312 0.064326
2 0.678125 0.271332 0.037500 0.028343
2 0.701562 0.526937 0.056250 0.040952
3 0.669531 0.295501 0.020313 0.017306
4 0.671875 0.356452 0.053125 0.095622
4 0.535937 0.093942 0.060937 0.111292
4 0.454688 0.238001 0.092188 0.163036
5 0.444531 0.320312 0.189062 0.396875
5 0.532813 0.151737 0.126562 0.294486
5 0.649219 0.401562 0.173437 0.315625
5 0.680469 0.527344 0.198437 0.064062
8 0.174219 0.739844 0.348438 0.360938
1 0.733594 0.866758 0.457813 0.265163
0 0.762500 0.650781 0.475000 0.182812
4 0.675000 0.933594 0.650000 0.132812
5 0.675000 0.779687 0.650000 0.440625
