1 0.193750 0.510938 0.387500 0.240625
2 0.257031 0.244531 0.514062 0.214062
4 0.350000 0.670312 0.700000 0.159375
5 0.350000 0.435937 0.700000 0.628125
8 0.867969 0.264062 0.264062 0.325000
5 0.904687 0.285917 0.009375 0.029797
0 0.636719 0.948677 0.059375 0.069441
4 0.539062 0.871689 0.015625 0.034557
0 0.539062 0.844345 0.012500 0.014208
5 0.535156 0.893609 0.032813 0.117569
4 0.840625 0.775304 0.018750 0.034593
4 0.886719 0.762500 0.014063 0.025000
4 0.905469 0.771424 0.020313 0.033049
5 0.903906 0.803125 0.032813 0.106250
5 0.887500 0.765625 0.021875 0.031250
5 0.860938 0.773438 0.028125 0.046875
4 0.860156 0.764844 0.020313 0.029687
4 0.838281 0.795312 0.026562 0.090625
7 0.781250 0.875000 0.162500 0.250000
5 0.789062 0.875000 0.178125 0.250000
