3 0.010937 0.024219 0.021875 0.020313
3 0.081088 0.031381 0.029833 0.025173
3 0.120091 0.020997 0.025127 0.022020
3 0.181165 0.044080 0.025136 0.023583
3 0.194531 0.003125 0.020313 0.006250
3 0.232564 0.015655 0.023565 0.022011
3 0.281837 0.024744 0.023565 0.022011
3 0.348257 0.026701 0.025136 0.023583
0 0.172656 0.010156 0.042188 0.020313
7 0.399219 0.100000 0.039062 0.178125
7 0.351882 0.112621 0.089962 0.155206
7 0.389844 0.027344 0.048438 0.054688
7 0.345313 0.014844 0.068750 0.029687
7 0.286719 0.026562 0.082812 0.053125
7 0.282410 0.123181 0.085348 0.167678
7 0.229217 0.111772 0.061819 0.151917
7 0.203753 0.032230 0.029915 0.039235
7 0.185567 0.129214 0.099392 0.164635
7 0.123475 0.065510 0.056732 0.083140
7 0.086294 0.120416 0.129107 0.169495
7 0.037500 0.111719 0.075000 0.167187
7 0.020313 0.166406 0.040625 0.223438
5 0.396094 0.207813 0.045312 0.415625
5 0.385937 0.175781 0.065625 0.351562
5 0.370312 0.156250 0.078125 0.312500
5 0.357031 0.202344 0.123438 0.404687
5 0.294531 0.157812 0.120313 0.315625
5 0.290625 0.203906 0.112500 0.407813
5 0.246094 0.189062 0.098437 0.378125
5 0.209375 0.175781 0.087500 0.351562
5 0.196875 0.214844 0.137500 0.429688
5 0.139844 0.175781 0.098437 0.351562
5 0.097656 0.225000 0.170313 0.450000
5 0.051562 0.213281 0.103125 0.426563
5 0.041406 0.225000 0.082812 0.450000
4 0.036719 0.851562 0.073438 0.296875
1 0.669838 0.859995 0.438791 0.224420
2 0.664062 0.613281 0.490625 0.232813
4 0.709375 0.917188 0.581250 0.165625
5 0.709375 0.736719 0.581250 0.526563
