4 0.185938 0.228125 0.371875 0.243750
1 0.317188 0.250781 0.384375 0.198437
2 0.293750 0.064844 0.431250 0.129688
5 0.254688 0.175000 0.509375 0.350000
0 0.524219 0.084375 0.029687 0.068750
4 0.634375 0.185156 0.250000 0.195312
5 0.754687 0.186719 0.490625 0.326562
0 0.137500 0.585156 0.075000 0.095312
0 0.452344 0.565625 0.114062 0.193750
0 0.273438 0.604688 0.079687 0.089063
2 0.028906 0.609375 0.057813 0.059375
2 0.381250 0.592969 0.057813 0.075000
3 0.016406 0.701562 0.032813 0.062500
3 0.145313 0.666406 0.040625 0.037500
3 0.285938 0.689844 0.042188 0.045312
3 0.409375 0.697656 0.043750 0.054688
3 0.475781 0.685937 0.054688 0.057813
4 0.442188 0.857031 0.056250 0.285938
4 0.306250 0.827344 0.114062 0.257812
4 0.146875 0.803125 0.125000 0.242188
4 0.019531 0.858594 0.039062 0.282813
5 0.066406 0.785937 0.132812 0.428125
5 0.151562 0.765625 0.203125 0.468750
5 0.321094 0.775781 0.185938 0.448437
5 0.430469 0.774219 0.154688 0.451562
5 0.456250 0.730469 0.106250 0.539062
8 0.676562 0.526563 0.334375 0.353125
8 0.879687 0.679688 0.240625 0.362500
