0 0.279423 0.101695 0.037736 0.040843
0 0.371706 0.220205 0.028370 0.042351
0 0.409846 0.379026 0.025209 0.036083
0 0.331194 0.334817 0.029933 0.042360
3 0.286291 0.129861 0.017269 0.014162
7 0.403518 0.392271 0.042533 0.059620
7 0.335000 0.352027 0.064553 0.084748
7 0.366096 0.244392 0.055142 0.078443
7 0.288467 0.158781 0.083458 0.111419
5 0.290624 0.190826 0.120014 0.217878
5 0.366682 0.277990 0.090008 0.163018
5 0.345797 0.376310 0.102326 0.131841
5 0.405744 0.412597 0.070922 0.105097
6 0.591155 0.297739 0.061556 0.106605
6 0.805590 0.234922 0.033167 0.061128
6 0.922055 0.225443 0.022130 0.043877
6 0.971310 0.219479 0.015825 0.034466
6 0.695788 0.173344 0.011092 0.026626
6 0.626298 0.165908 0.012655 0.026635
6 0.569317 0.156982 0.009520 0.025055
6 0.737240 0.165772 0.011074 0.023501
6 0.998437 0.215625 0.003125 0.021875
9 0.734375 0.373437 0.531250 0.253125
5 0.088688 0.875351 0.041116 0.084611
8 0.252344 0.823438 0.432812 0.353125
8 0.146094 0.816406 0.292187 0.367188
6 0.833594 0.961719 0.132812 0.076563
5 0.851562 0.567969 0.296875 0.135937
