1 0.267969 0.400000 0.535937 0.237500
2 0.317969 0.188281 0.623437 0.239063
5 0.314844 0.283594 0.629687 0.470313
8 0.931250 0.041406 0.137500 0.082812
8 0.814844 0.255469 0.370312 0.510938
8 0.170313 0.820312 0.340625 0.359375
6 0.742971 0.961719 0.029969 0.048438
6 0.690178 0.904687 0.015770 0.025000
6 0.673104 0.885156 0.011037 0.017188
6 0.663016 0.873437 0.007894 0.014063
6 0.657584 0.867188 0.006323 0.012500
6 0.652919 0.863281 0.006314 0.010937
6 0.647491 0.856250 0.006332 0.014063
6 0.645147 0.856250 0.003180 0.009375
6 0.642031 0.854688 0.003161 0.006250
6 0.633451 0.852344 0.004724 0.006250
6 0.756884 0.853125 0.003161 0.006250
6 0.753787 0.848437 0.003170 0.007812
2 0.819398 0.850781 0.004715 0.004687
2 0.796042 0.836719 0.003152 0.004687
2 0.782675 0.851562 0.003152 0.004687
2 0.777179 0.856250 0.003152 0.004687
2 0.751602 0.821094 0.006286 0.006250
4 0.748377 0.838281 0.009484 0.018750
4 0.795193 0.848437 0.006332 0.014063
4 0.820897 0.861719 0.007876 0.010937
4 0.792790 0.858594 0.007876 0.010937
5 0.816177 0.867188 0.018977 0.039062
5 0.796773 0.845313 0.009493 0.020313
5 0.786517 0.862500 0.020512 0.034375
5 0.782652 0.855469 0.007876 0.010937
5 0.775580 0.862500 0.011047 0.018750
5 0.756062 0.860156 0.006386 0.023438
5 0.747523 0.850781 0.020703 0.067187
