1 0.213281 0.403906 0.426563 0.292187
2 0.232031 0.108594 0.464062 0.167187
4 0.264844 0.641406 0.529687 0.195312
5 0.264844 0.379688 0.529687 0.718750
0 0.696708 0.115008 0.192824 0.110493
0 0.872656 0.028906 0.126562 0.057813
2 0.577344 0.328906 0.095312 0.067187
2 0.915625 0.250781 0.168750 0.054688
9 0.875781 0.354687 0.248438 0.709375
3 0.865344 0.096459 0.086156 0.038000
3 0.675396 0.211756 0.122257 0.066334
3 0.927836 0.364001 0.123783 0.060093
3 0.568750 0.442969 0.078125 0.067187
4 0.642969 0.596875 0.226562 0.284375
4 0.884375 0.534375 0.231250 0.303125
7 0.667188 0.338281 0.275000 0.267188
4 0.855547 0.158119 0.191534 0.157359
5 0.873437 0.120313 0.253125 0.240625
5 0.867969 0.478906 0.264062 0.520312
5 0.683594 0.514844 0.307812 0.448437
5 0.698438 0.275000 0.337500 0.443750
8 0.392188 0.869531 0.275000 0.260937
8 0.264844 0.869531 0.529687 0.260937
8 0.773438 0.869531 0.453125 0.260937
