7 0.655469 0.221875 0.048438 0.075000
7 0.614062 0.228125 0.037500 0.062500
7 0.588281 0.235156 0.067187 0.048438
7 0.540625 0.215625 0.040625 0.087500
7 0.482812 0.238281 0.025000 0.042188
7 0.436719 0.241406 0.095312 0.035937
7 0.382812 0.232813 0.037500 0.053125
7 0.350000 0.241406 0.078125 0.035937
7 0.261719 0.240625 0.054688 0.037500
7 0.164844 0.245312 0.060937 0.028125
0 0.149579 0.207813 0.031632 0.032813
0 0.220755 0.200781 0.041134 0.043750
0 0.249870 0.182812 0.031668 0.035937
0 0.351442 0.182031 0.031632 0.032813
0 0.367948 0.173437 0.025327 0.028125
0 0.419438 0.179688 0.044277 0.045312
0 0.486480 0.192188 0.017478 0.025000
0 0.506901 0.182812 0.033249 0.037500
0 0.515722 0.163281 0.018932 0.015625
0 0.540177 0.142969 0.023728 0.025000
0 0.572826 0.157031 0.042697 0.043750
0 0.599225 0.171094 0.017424 0.020313
0 0.660417 0.149219 0.031614 0.031250
3 0.664750 0.179688 0.014208 0.012500
3 0.596600 0.195312 0.011083 0.012500
3 0.570773 0.199219 0.018950 0.017188
3 0.538260 0.173437 0.014208 0.012500
3 0.492611 0.202344 0.006341 0.007812
3 0.503349 0.219531 0.012645 0.012500
3 0.418847 0.230469 0.017460 0.023438
3 0.347926 0.215625 0.015807 0.015625
3 0.247090 0.220312 0.014190 0.010937
3 0.217911 0.243750 0.015825 0.017188
3 0.151596 0.235937 0.014208 0.012500
5 0.642969 0.194531 0.073438 0.129688
5 0.614062 0.209375 0.050000 0.100000
5 0.581250 0.196875 0.106250 0.125000
5 0.543750 0.194531 0.059375 0.129688
5 0.515631 0.171094 0.019132 0.032813
5 0.485156 0.218750 0.035937 0.081250
5 0.510938 0.212500 0.084375 0.093750
5 0.404687 0.239063 0.021875 0.040625
5 0.434375 0.206250 0.115625 0.106250
5 0.380469 0.207813 0.057813 0.103125
5 0.349219 0.213281 0.095312 0.092188
5 0.262500 0.211719 0.065625 0.095312
5 0.193750 0.217969 0.143750 0.082812
5 0.164844 0.224219 0.073438 0.070312
8 0.839844 0.611719 0.320312 0.704688
