1 0.144531 0.285156 0.289062 0.282813
2 0.144531 0.042969 0.289062 0.085938
5 0.144531 0.214844 0.289062 0.429688
0 0.683373 0.157812 0.162982 0.082812
3 0.673438 0.004687 0.046875 0.009375
3 0.708796 0.219531 0.031450 0.034375
4 0.430085 0.051562 0.069177 0.073438
4 0.581250 0.089063 0.212500 0.178125
4 0.631250 0.322656 0.234375 0.214062
5 0.440625 0.051562 0.087500 0.103125
5 0.607031 0.141406 0.251563 0.282813
5 0.675781 0.275781 0.367188 0.307812
8 0.144531 0.710156 0.289062 0.560937
6 0.532031 0.891406 0.273438 0.217188
3 0.605697 0.957031 0.059784 0.070312
2 0.608287 0.780469 0.098937 0.085938
5 0.569531 0.864844 0.364063 0.270313
