4 0.013281 0.082031 0.026562 0.164062
4 0.048438 0.070312 0.087500 0.140625
4 0.119531 0.065625 0.067187 0.131250
4 0.180469 0.042969 0.092188 0.085938
4 0.289062 0.067969 0.118750 0.135937
7 0.083594 0.257812 0.167187 0.121875
7 0.310937 0.253125 0.181250 0.131250
1 0.391406 0.296875 0.017188 0.043750
0 0.403906 0.244531 0.046875 0.067187
5 0.411719 0.263281 0.070312 0.110937
5 0.256250 0.253125 0.281250 0.131250
5 0.091406 0.258594 0.182812 0.120313
5 0.284375 0.075000 0.134375 0.150000
3 0.506250 0.181250 0.070312 0.146875
7 0.683594 0.214062 0.257812 0.209375
5 0.636719 0.159375 0.354687 0.318750
8 0.679688 0.524219 0.440625 0.354687
0 0.500000 0.788281 0.073438 0.034375
0 0.553125 0.767969 0.048438 0.028125
3 0.558594 0.789844 0.034375 0.012500
3 0.520312 0.810937 0.023438 0.014063
7 0.565625 0.843750 0.084375 0.085938
7 0.500781 0.868750 0.082812 0.112500
5 0.527344 0.884375 0.135937 0.231250
5 0.600000 0.872656 0.178125 0.251563
0 0.492969 0.639844 0.007812 0.004687
7 0.492969 0.649219 0.015625 0.012500
5 0.491406 0.653906 0.021875 0.031250
0 0.498437 0.665625 0.009375 0.004687
7 0.495312 0.675781 0.015625 0.014063
5 0.496875 0.678906 0.021875 0.032813
