7 0.494531 0.476562 0.067187 0.125000
1 0.472508 0.405158 0.020749 0.037618
1 0.159282 0.264264 0.025255 0.022020
1 0.025669 0.332241 0.023710 0.023574
1 0.142775 0.407146 0.033176 0.031441
1 0.358955 0.293552 0.034720 0.029887
2 0.337435 0.128572 0.020440 0.011056
2 0.226343 0.141208 0.015752 0.011028
2 0.022656 0.293750 0.045312 0.043750
2 0.010156 0.225000 0.020313 0.021875
2 0.043412 0.217493 0.031541 0.025182
2 0.160681 0.211143 0.050436 0.037791
2 0.138060 0.342270 0.083540 0.062982
2 0.361998 0.233409 0.072493 0.053543
4 0.371400 0.365504 0.076527 0.131686
4 0.337844 0.160608 0.025364 0.031395
4 0.229059 0.176382 0.028525 0.034539
4 0.189823 0.325383 0.066916 0.111319
4 0.099219 0.476562 0.089063 0.125000
4 0.060463 0.296503 0.050982 0.084666
4 0.014844 0.400781 0.029687 0.139063
4 0.019393 0.267356 0.034630 0.022075
5 0.021875 0.406250 0.043750 0.265625
5 0.019531 0.241406 0.039062 0.054688
5 0.069393 0.267647 0.085920 0.133303
5 0.128906 0.421875 0.170313 0.234375
5 0.194665 0.312129 0.129399 0.244486
5 0.228786 0.199820 0.034340 0.131441
5 0.342440 0.168448 0.029234 0.095476
5 0.376296 0.347563 0.134523 0.282014
5 0.503125 0.437500 0.087500 0.203125
0 0.484808 0.355226 0.041243 0.053361
4 0.850000 0.086719 0.134375 0.173437
5 0.830469 0.212500 0.251563 0.425000
5 0.801562 0.374219 0.303125 0.329688
4 0.700781 0.507031 0.101562 0.064062
0 0.337007 0.760021 0.041716 0.093986
0 0.400607 0.598662 0.113700 0.103780
7 0.415625 0.871875 0.175000 0.256250
5 0.316348 0.856783 0.071877 0.269150
4 0.319137 0.885707 0.054761 0.140934
5 0.414844 0.770312 0.182812 0.459375
