1 0.162500 0.264844 0.325000 0.339062
4 0.189844 0.369531 0.379688 0.179688
5 0.189844 0.229687 0.379688 0.459375
8 0.732812 0.229687 0.534375 0.459375
5 0.980469 0.032031 0.039062 0.064062
1 0.161719 0.967187 0.254688 0.065625
1 0.316406 0.936719 0.126562 0.126562
7 0.708579 0.672434 0.123622 0.285775
7 0.847878 0.623932 0.088174 0.193187
0 0.673438 0.467187 0.043750 0.015625
0 0.814063 0.491406 0.043750 0.064062
5 0.864062 0.723437 0.175000 0.528125
5 0.745313 0.729688 0.321875 0.540625
9 0.705818 0.703721 0.173766 0.164500
9 0.587922 0.711343 0.104198 0.093387
