3 0.526563 0.052344 0.006250 0.020313
3 0.478125 0.003906 0.025000 0.007812
3 0.485625 0.067969 0.022002 0.021875
3 0.404687 0.008594 0.021875 0.017188
3 0.417702 0.075781 0.025127 0.021875
3 0.370645 0.044531 0.022002 0.021875
3 0.290625 0.008594 0.025000 0.017188
3 0.055148 0.066406 0.034557 0.031250
3 0.116775 0.050781 0.026690 0.021875
3 0.171608 0.075781 0.026708 0.025000
3 0.244910 0.052344 0.029815 0.021875
3 0.334871 0.072656 0.025145 0.025000
0 0.051562 0.017188 0.056250 0.034375
0 0.110156 0.012500 0.042188 0.025000
0 0.165858 0.027344 0.047148 0.046875
0 0.242188 0.014063 0.040625 0.028125
0 0.334375 0.019531 0.040625 0.039062
0 0.368750 0.011719 0.034375 0.023438
0 0.415871 0.029687 0.037736 0.040625
0 0.486170 0.027344 0.037736 0.040625
0 0.521094 0.016406 0.017188 0.032813
7 0.057813 0.175000 0.115625 0.209375
7 0.119465 0.110156 0.069205 0.078125
7 0.171404 0.175000 0.113609 0.190625
7 0.246963 0.136719 0.104052 0.159375
7 0.287083 0.050000 0.061310 0.064062
7 0.333818 0.160156 0.104143 0.175000
7 0.422122 0.164062 0.079016 0.153125
7 0.374738 0.076563 0.044123 0.064062
7 0.416775 0.050781 0.065943 0.054688
7 0.478494 0.050781 0.078634 0.087500
7 0.493750 0.167187 0.071875 0.165625
5 0.068750 0.261719 0.137500 0.523438
5 0.117188 0.216406 0.065625 0.432812
5 0.170310 0.255469 0.134186 0.504687
5 0.246875 0.220312 0.109375 0.440625
5 0.289062 0.186719 0.065625 0.373437
5 0.332813 0.239844 0.106250 0.479687
5 0.372656 0.206250 0.064062 0.412500
5 0.400781 0.184375 0.042188 0.368750
5 0.419420 0.236719 0.097921 0.448437
5 0.478125 0.182031 0.087500 0.364063
5 0.490625 0.231250 0.078125 0.453125
5 0.516406 0.212500 0.026562 0.425000
6 0.905221 0.439844 0.030324 0.109375
6 0.755052 0.276562 0.012736 0.040625
6 0.630738 0.260156 0.009593 0.037500
6 0.915277 0.288281 0.009593 0.037500
6 0.908150 0.271875 0.006414 0.028125
6 0.826082 0.265625 0.007994 0.031250
6 0.692425 0.254688 0.007976 0.028125
6 0.550781 0.503125 0.042188 0.093750
6 0.588432 0.239844 0.009575 0.034375
6 0.940167 0.269531 0.009548 0.029687
6 0.535156 0.245312 0.010937 0.034375
6 0.531250 0.234375 0.003125 0.025000
6 0.570373 0.224219 0.006341 0.015625
6 0.597003 0.235937 0.006377 0.021875
6 0.605606 0.237500 0.006377 0.021875
6 0.663441 0.241406 0.006377 0.021875
6 0.685335 0.244531 0.006377 0.021875
6 0.745518 0.249219 0.006377 0.021875
6 0.794755 0.252344 0.006359 0.018750
6 0.804907 0.251563 0.006359 0.018750
6 0.786865 0.239063 0.004769 0.014063
6 0.816566 0.241406 0.004760 0.012500
6 0.849465 0.256250 0.004806 0.020313
6 0.863519 0.254688 0.006359 0.018750
6 0.902581 0.254688 0.004797 0.018750
6 0.885339 0.245312 0.004760 0.012500
6 0.914327 0.259375 0.006377 0.021875
6 0.958895 0.265625 0.006395 0.025000
6 0.971390 0.264844 0.007940 0.021875
6 0.838437 0.240625 0.006323 0.012500
6 0.988564 0.262500 0.007967 0.026562
6 0.994791 0.258594 0.006368 0.020313
8 0.222656 0.775000 0.445312 0.450000
8 0.791406 0.695312 0.307812 0.290625
8 0.875781 0.815625 0.248438 0.368750
