1 0.325000 0.166406 0.387500 0.326562
4 0.259375 0.383594 0.518750 0.270313
5 0.259375 0.259375 0.518750 0.518750
8 0.759375 0.259375 0.481250 0.518750
2 0.873690 0.146251 0.023592 0.026835
3 0.875112 0.170452 0.017297 0.018950
4 0.879585 0.207116 0.033140 0.056632
5 0.870124 0.222069 0.077608 0.180578
4 0.211318 0.552822 0.026944 0.065934
5 0.226562 0.614062 0.075000 0.190625
8 0.867969 0.675781 0.264062 0.314063
8 0.587500 0.557813 0.137500 0.078125
8 0.768750 0.840625 0.462500 0.318750
5 0.690255 0.822527 0.042515 0.056741
4 0.697241 0.830257 0.025136 0.023728
