4 0.156250 0.433594 0.306250 0.270313
5 0.154688 0.284375 0.309375 0.568750
8 0.723590 0.427344 0.231333 0.282813
8 0.509375 0.408594 0.212500 0.320312
9 0.880494 0.539844 0.109702 0.056250
2 0.949957 0.528125 0.011001 0.010937
5 0.948495 0.545312 0.022148 0.046875
6 0.970313 0.550781 0.015625 0.035937
6 0.893026 0.545312 0.015834 0.035937
4 0.119531 0.655469 0.139063 0.173437
4 0.269531 0.716406 0.079687 0.295312
5 0.216406 0.784375 0.185938 0.431250
5 0.114844 0.784375 0.229687 0.431250
5 0.610938 0.784375 0.603125 0.431250
0 0.366406 0.680469 0.114062 0.223438
4 0.554688 0.908594 0.421875 0.182812
1 0.473435 0.792969 0.212719 0.306250
