1 0.269531 0.358594 0.539062 0.142187
2 0.204687 0.264062 0.409375 0.096875
5 0.269531 0.314063 0.539062 0.231250
8 0.834375 0.257812 0.331250 0.240625
7 0.327765 0.615625 0.017551 0.031250
0 0.327492 0.592187 0.006359 0.009375
5 0.330291 0.631250 0.026018 0.087500
9 0.022656 0.551562 0.045312 0.078125
8 0.174787 0.762500 0.194589 0.340625
5 0.275205 0.865625 0.049583 0.098437
8 0.269531 0.714844 0.539062 0.570312
7 0.758771 0.683594 0.185249 0.209375
0 0.628474 0.631250 0.081378 0.145313
3 0.661850 0.679688 0.027253 0.059375
5 0.746875 0.769531 0.312500 0.460938
