1 0.337500 0.138281 0.484375 0.276562
4 0.289844 0.370312 0.579688 0.437500
5 0.289844 0.294531 0.579688 0.589063
6 0.723437 0.523975 0.031250 0.048619
6 0.774219 0.464114 0.015625 0.025091
6 0.791406 0.444683 0.010937 0.017251
6 0.801562 0.432242 0.007812 0.014108
6 0.806250 0.426019 0.006250 0.012536
6 0.810937 0.421359 0.006250 0.010974
6 0.815625 0.414355 0.007812 0.015670
6 0.984375 0.456743 0.023438 0.037636
6 0.932813 0.436130 0.014063 0.023519
6 0.912500 0.427419 0.012500 0.020385
6 0.886719 0.416331 0.007812 0.014108
6 0.878125 0.413156 0.006250 0.010974
6 0.875000 0.411575 0.006250 0.009411
6 0.871875 0.406870 0.004687 0.014090
6 0.817969 0.415150 0.003125 0.009393
6 0.821875 0.412829 0.004687 0.006277
6 0.830469 0.410535 0.004687 0.006277
6 0.846875 0.406724 0.004687 0.006277
6 0.863281 0.403695 0.003125 0.006268
6 0.875781 0.405330 0.003125 0.007831
6 0.878125 0.403781 0.003125 0.007831
6 0.885938 0.401483 0.004687 0.006277
6 0.898438 0.398430 0.004687 0.006277
6 0.921094 0.393875 0.004687 0.006277
6 0.955469 0.389387 0.004687 0.007840
6 0.985156 0.385654 0.004687 0.007840
6 0.706250 0.415281 0.004687 0.006277
6 0.708594 0.409826 0.003125 0.007831
9 0.789844 0.525000 0.420312 0.128125
2 0.643750 0.414136 0.006250 0.004724
2 0.666406 0.399424 0.003125 0.004706
2 0.679688 0.413564 0.003125 0.004706
2 0.685937 0.419069 0.003125 0.004706
2 0.710938 0.382496 0.006250 0.006286
4 0.714063 0.398920 0.010937 0.020376
4 0.667188 0.410366 0.006250 0.014099
4 0.642188 0.425065 0.007812 0.010983
4 0.671094 0.421327 0.007812 0.010983
5 0.646875 0.430561 0.018750 0.040734
5 0.665625 0.407232 0.010937 0.020376
5 0.676562 0.425265 0.021875 0.034502
5 0.680469 0.417475 0.009375 0.012555
5 0.687500 0.424547 0.012500 0.018823
5 0.707031 0.421536 0.006250 0.023474
5 0.715625 0.411429 0.021875 0.067315
1 0.415625 0.663281 0.212500 0.148438
4 0.375781 0.861719 0.407813 0.276562
5 0.291406 0.794531 0.576562 0.410938
1 0.746875 0.826562 0.334375 0.346875
4 0.789844 0.920312 0.420312 0.159375
5 0.789844 0.794531 0.420312 0.410938
