7 0.305469 0.041406 0.110937 0.082812
5 0.267969 0.072656 0.107813 0.145313
5 0.462500 0.078906 0.125000 0.157812
5 0.309375 0.150000 0.146875 0.300000
5 0.863281 0.150000 0.273438 0.300000
4 0.928125 0.196094 0.143750 0.207813
1 0.947656 0.074219 0.104688 0.148438
8 0.090625 0.528125 0.181250 0.403125
8 0.315625 0.695312 0.468750 0.403125
5 0.379047 0.591868 0.031886 0.054869
8 0.830469 0.650000 0.339062 0.700000
8 0.685937 0.768750 0.271875 0.462500
7 0.715729 0.828571 0.028598 0.040789
5 0.717300 0.827799 0.034957 0.050200
