0 0.344531 0.083126 0.023438 0.034648
0 0.425000 0.043127 0.026562 0.040934
0 0.317188 0.281881 0.021875 0.031505
0 0.257031 0.302894 0.020313 0.033049
7 0.263281 0.309071 0.040625 0.056723
7 0.350781 0.096334 0.039062 0.058267
7 0.421094 0.058797 0.060937 0.081959
5 0.392969 0.032031 0.079687 0.064062
5 0.409375 0.081590 0.095312 0.129234
5 0.347656 0.115902 0.065625 0.102326
5 0.321094 0.299023 0.040625 0.083285
5 0.264062 0.323125 0.046875 0.086483
8 0.819531 0.219531 0.360938 0.439063
1 0.460156 0.636719 0.357812 0.382812
4 0.405469 0.837500 0.467187 0.325000
5 0.325000 0.719531 0.628125 0.560937
1 0.819531 0.886719 0.360938 0.226562
2 0.819531 0.699219 0.360938 0.220312
5 0.819531 0.777344 0.360938 0.445312
