1 0.117969 0.330469 0.235937 0.298438
2 0.102344 0.082031 0.204687 0.164062
5 0.214844 0.239844 0.429688 0.479687
8 0.714844 0.239844 0.570312 0.479687
8 0.699219 0.031250 0.151562 0.062500
8 0.757812 0.034375 0.159375 0.068750
8 0.803125 0.036719 0.146875 0.073438
8 0.933594 0.041406 0.132812 0.082812
1 0.071094 0.612500 0.142187 0.265625
5 0.214844 0.739844 0.429688 0.520312
4 0.214844 0.833594 0.429688 0.332813
8 0.665625 0.803125 0.471875 0.393750
7 0.670488 0.926831 0.031450 0.034739
5 0.678287 0.924578 0.051844 0.049037
