1 0.275000 0.151562 0.550000 0.303125
4 0.275000 0.294531 0.550000 0.310937
5 0.275000 0.225000 0.550000 0.450000
6 0.996094 0.207031 0.007812 0.042188
6 0.881250 0.178801 0.014063 0.039226
6 0.734375 0.135686 0.014063 0.037664
6 0.942187 0.180291 0.010937 0.028252
6 0.769531 0.402344 0.067187 0.095312
6 0.701562 0.125148 0.012500 0.031395
6 0.842969 0.153356 0.012500 0.034520
6 0.689063 0.122658 0.010937 0.031377
6 0.601562 0.091953 0.009375 0.020422
6 0.660156 0.103572 0.009375 0.020422
6 0.712500 0.124494 0.009375 0.021984
6 0.728906 0.116872 0.009375 0.018859
6 0.779687 0.126838 0.009375 0.017297
6 0.789844 0.152737 0.015625 0.034557
6 0.786719 0.141764 0.007812 0.023528
6 0.785156 0.139402 0.006250 0.020385
6 0.827344 0.136767 0.009375 0.017297
6 0.852344 0.151121 0.007812 0.021966
6 0.859375 0.154328 0.009375 0.021984
6 0.915625 0.163576 0.009375 0.021984
6 0.935937 0.170062 0.007812 0.021966
6 0.993750 0.180891 0.007812 0.021966
6 0.522656 0.606250 0.054688 0.112500
