1 0.281250 0.185156 0.375000 0.370312
0 0.300000 0.024219 0.337500 0.048438
4 0.234375 0.372656 0.468750 0.232813
5 0.234375 0.244531 0.468750 0.489063
8 0.865625 0.244531 0.268750 0.489063
8 0.490625 0.244531 0.043750 0.489063
0 0.486719 0.275781 0.035937 0.045312
0 0.904512 0.230469 0.050282 0.048438
0 0.860749 0.228125 0.036165 0.039062
0 0.816862 0.204687 0.050300 0.051562
0 0.714791 0.251563 0.033031 0.037500
0 0.688029 0.217188 0.036165 0.039062
0 0.651792 0.300000 0.036119 0.031250
3 0.478125 0.316406 0.018750 0.023438
3 0.811616 0.242969 0.014153 0.015625
3 0.871087 0.259375 0.020440 0.021875
3 0.903204 0.274219 0.023574 0.023438
7 0.951183 0.329688 0.093115 0.159375
7 0.885490 0.317969 0.066352 0.125000
7 0.834691 0.314844 0.088309 0.139063
7 0.757756 0.385156 0.044241 0.084375
7 0.712957 0.339062 0.083749 0.160938
7 0.665605 0.391406 0.063354 0.146875
7 0.511719 0.389844 0.085938 0.160938
5 0.535937 0.366406 0.134375 0.245312
5 0.673438 0.384375 0.100000 0.209375
5 0.717969 0.339844 0.160938 0.298438
5 0.753125 0.358594 0.125000 0.260937
5 0.844531 0.332031 0.151562 0.314063
5 0.900000 0.345313 0.115625 0.287500
5 0.938281 0.343750 0.123438 0.290625
8 0.388281 0.744531 0.160938 0.510938
8 0.044531 0.744531 0.089063 0.510938
0 0.056343 0.859375 0.050264 0.045312
0 0.461719 0.813281 0.014063 0.048438
0 0.437311 0.810937 0.036165 0.039062
0 0.393425 0.787500 0.050300 0.051562
0 0.291354 0.834375 0.033031 0.037500
0 0.264591 0.800000 0.036165 0.039062
0 0.228354 0.882812 0.036119 0.031250
3 0.053454 0.900000 0.023574 0.023438
3 0.388179 0.825781 0.014153 0.015625
3 0.447649 0.842187 0.020440 0.021875
7 0.448437 0.900000 0.040625 0.125000
7 0.411253 0.897656 0.088309 0.139063
7 0.333594 0.962500 0.045312 0.075000
7 0.289062 0.920312 0.084375 0.159375
7 0.241406 0.950000 0.064062 0.100000
7 0.086719 0.946094 0.089063 0.107813
5 0.103906 0.913281 0.151562 0.173437
5 0.250000 0.931250 0.100000 0.137500
5 0.294531 0.886719 0.160938 0.226562
5 0.329688 0.905469 0.125000 0.189062
5 0.407031 0.878906 0.123438 0.242188
5 0.443750 0.892188 0.050000 0.215625
7 0.635590 0.842969 0.017324 0.023438
5 0.634763 0.835156 0.023710 0.046875
8 0.734375 0.744531 0.531250 0.510938
8 0.725781 0.744531 0.476562 0.510938
