5 0.173437 0.557031 0.346875 0.323437
7 0.594164 0.256590 0.079816 0.146222
1 0.581810 0.177057 0.023874 0.037773
1 0.048581 0.017659 0.025291 0.025291
1 0.077344 0.003906 0.026562 0.007812
1 0.298438 0.011719 0.028125 0.023438
1 0.164451 0.062398 0.025291 0.025291
1 0.267375 0.145564 0.034775 0.034775
1 0.486326 0.058653 0.037882 0.033249
2 0.160972 0.025725 0.061501 0.049147
2 0.270437 0.083818 0.086719 0.068187
2 0.495312 0.015625 0.075000 0.031250
4 0.489414 0.128920 0.089045 0.133831
4 0.322127 0.072281 0.076309 0.113373
4 0.214731 0.239133 0.108450 0.190299
4 0.200781 0.037500 0.057813 0.075000
4 0.134799 0.126797 0.070368 0.139862
4 0.165625 0.006250 0.034375 0.012500
4 0.071591 0.054105 0.063518 0.088227
4 0.025781 0.069531 0.051562 0.095312
5 0.045312 0.191406 0.090625 0.382812
5 0.067969 0.176563 0.123438 0.353125
5 0.117188 0.206250 0.143750 0.412500
5 0.213281 0.036719 0.098437 0.073438
5 0.242901 0.234900 0.207670 0.392989
5 0.327344 0.092188 0.151562 0.184375
5 0.496875 0.127344 0.162500 0.254688
5 0.598488 0.287785 0.127565 0.356124
0 0.599534 0.130763 0.045949 0.055215
4 0.844531 0.632812 0.310937 0.171875
2 0.846875 0.136719 0.306250 0.229687
5 0.844531 0.359375 0.310937 0.718750
3 0.844531 0.486719 0.310937 0.351562
8 0.388281 0.849219 0.601562 0.260937
