1 0.302344 0.472656 0.514062 0.273438
2 0.221875 0.232813 0.443750 0.287500
5 0.279687 0.329688 0.559375 0.559375
0 0.184857 0.658832 0.109893 0.089699
1 0.194859 0.766699 0.081777 0.091098
7 0.213281 0.896094 0.223438 0.207813
5 0.232031 0.804688 0.464062 0.390625
1 0.839844 0.964063 0.185938 0.071875
1 0.975781 0.849219 0.048438 0.089063
2 0.600000 0.853906 0.081250 0.120313
2 0.874219 0.853906 0.251563 0.123438
2 0.944531 0.760938 0.110937 0.084375
5 0.957031 0.798438 0.085938 0.171875
5 0.803906 0.880469 0.392188 0.239063
5 0.602344 0.882812 0.085938 0.196875
5 0.696094 0.871875 0.273438 0.256250
