1 0.104688 0.447656 0.209375 0.223438
2 0.153906 0.147656 0.307812 0.295312
4 0.250000 0.492969 0.500000 0.132812
5 0.250000 0.279687 0.500000 0.559375
7 0.892188 0.099219 0.168750 0.198437
5 0.851562 0.279687 0.296875 0.559375
0 0.098003 0.577736 0.015843 0.018841
7 0.100693 0.607437 0.023892 0.039199
7 0.350000 0.578125 0.028125 0.037500
5 0.352344 0.611719 0.048438 0.104688
5 0.101765 0.632442 0.053072 0.129987
8 0.250000 0.779687 0.500000 0.440625
8 0.717187 0.779687 0.434375 0.440625
8 0.628906 0.851562 0.257812 0.296875
8 0.826893 0.809137 0.157559 0.113409
0 0.546961 0.987965 0.014208 0.012582
3 0.548438 0.998437 0.009375 0.003125
5 0.557031 0.989062 0.048438 0.021875
