1 0.198437 0.142187 0.396875 0.284375
4 0.250000 0.324219 0.500000 0.151562
5 0.250000 0.200000 0.500000 0.400000
4 0.832812 0.167969 0.303125 0.335938
5 0.553906 0.200000 0.107813 0.400000
5 0.925781 0.200000 0.148438 0.400000
5 0.827344 0.200000 0.345313 0.400000
8 0.677344 0.683594 0.354687 0.567187
0 0.753037 0.670953 0.045567 0.044277
0 0.793721 0.661269 0.031459 0.036301
0 0.831416 0.628112 0.045585 0.047402
0 0.941441 0.652050 0.028325 0.034702
0 0.959632 0.613978 0.031459 0.036301
3 0.845270 0.664213 0.012582 0.014208
3 0.790409 0.693264 0.018868 0.020531
3 0.762162 0.714031 0.020440 0.022111
7 0.729758 0.777720 0.075891 0.153998
7 0.790064 0.752639 0.052262 0.120912
7 0.838583 0.739140 0.072639 0.132086
7 0.929689 0.791766 0.033285 0.081632
7 0.962043 0.736670 0.066525 0.155451
5 0.958594 0.795312 0.082812 0.409375
5 0.937379 0.812951 0.081769 0.358740
5 0.844531 0.800000 0.101562 0.400000
5 0.791406 0.818750 0.070312 0.362500
5 0.739844 0.823438 0.110937 0.353125
5 0.513281 0.830469 0.026562 0.326562
