1 0.166406 0.407031 0.304688 0.279687
2 0.186719 0.131250 0.264062 0.259375
4 0.159375 0.528906 0.318750 0.120313
5 0.159375 0.294531 0.318750 0.589063
7 0.897656 0.060937 0.160938 0.121875
5 0.848437 0.235937 0.303125 0.471875
8 0.114062 0.766406 0.228125 0.354687
0 0.172022 0.887576 0.009520 0.012609
7 0.170187 0.911031 0.012882 0.032958
5 0.166953 0.920443 0.021258 0.081486
9 0.369531 0.705469 0.101562 0.185938
7 0.546875 0.662500 0.075000 0.146875
7 0.488281 0.727344 0.142187 0.276562
5 0.482812 0.794531 0.203125 0.410938
5 0.536719 0.794531 0.139063 0.410938
