7 0.537633 0.119624 0.045903 0.101826
7 0.573017 0.158482 0.077353 0.136383
7 0.494792 0.141749 0.066343 0.123819
7 0.449434 0.134200 0.045894 0.100264
7 0.415327 0.180493 0.083822 0.173919
7 0.380443 0.093193 0.050555 0.095603
7 0.338696 0.169220 0.077299 0.127008
7 0.313406 0.119366 0.033267 0.078316
7 0.255893 0.171264 0.112065 0.194395
7 0.211743 0.102769 0.045922 0.104951
7 0.175156 0.125639 0.089817 0.130206
7 0.085176 0.102724 0.064772 0.122248
7 0.041406 0.125781 0.082812 0.145313
7 0.010156 0.088281 0.020313 0.114062
0 0.055469 0.018750 0.045312 0.037500
0 0.089844 0.010937 0.035937 0.021875
0 0.192516 0.020847 0.034584 0.036137
0 0.210938 0.014844 0.028125 0.029687
0 0.262111 0.031380 0.050291 0.050291
0 0.328671 0.057556 0.020467 0.026681
0 0.350515 0.051960 0.037736 0.040843
0 0.362910 0.033918 0.021975 0.017315
0 0.390935 0.016567 0.026717 0.026717
0 0.423089 0.037475 0.047157 0.048710
0 0.447421 0.056865 0.018877 0.021984
0 0.512983 0.045546 0.036147 0.036147
0 0.573902 0.042066 0.017297 0.018850
0 0.583327 0.050605 0.037682 0.031468
3 0.570241 0.084276 0.015734 0.018841
3 0.511611 0.078367 0.017269 0.014162
3 0.439750 0.081129 0.012582 0.014135
3 0.412402 0.080507 0.020431 0.020431
3 0.384867 0.047854 0.015716 0.015716
3 0.333427 0.069247 0.006305 0.009411
3 0.340567 0.087956 0.014144 0.014144
3 0.252250 0.082220 0.018895 0.025109
3 0.183336 0.054495 0.018850 0.017297
3 0.080125 0.040251 0.015707 0.014153
3 0.046640 0.059197 0.017306 0.020412
5 0.592969 0.204687 0.073438 0.409375
5 0.536416 0.179008 0.092389 0.303652
5 0.563170 0.211666 0.125546 0.363218
5 0.486489 0.191799 0.131660 0.339817
5 0.444102 0.157669 0.068487 0.223828
5 0.396094 0.210156 0.145313 0.398438
5 0.371400 0.150279 0.082977 0.297348
5 0.362174 0.041735 0.022084 0.036065
5 0.312756 0.142026 0.054298 0.201872
5 0.333300 0.181752 0.108014 0.303743
5 0.233659 0.109673 0.030178 0.084548
5 0.244531 0.206250 0.151562 0.406250
5 0.200781 0.141406 0.082812 0.282813
5 0.161719 0.176563 0.123438 0.353125
5 0.081250 0.125000 0.087500 0.250000
5 0.044531 0.200781 0.089063 0.401562
5 0.013281 0.132812 0.026562 0.265625
5 0.662500 0.296875 0.065625 0.225000
8 0.192188 0.733594 0.384375 0.498437
8 0.814844 0.578125 0.370312 0.337500
