1 0.221875 0.381250 0.275000 0.115625
0 0.186719 0.215625 0.345313 0.218750
5 0.179688 0.253125 0.359375 0.371875
3 0.457031 0.184353 0.034375 0.026762
3 0.496875 0.140053 0.023438 0.020449
3 0.562500 0.142779 0.029687 0.023610
3 0.598437 0.130488 0.023438 0.022011
3 0.657813 0.148802 0.023438 0.023574
3 0.667969 0.102767 0.018750 0.020422
3 0.704688 0.119387 0.023438 0.022011
3 0.746875 0.060258 0.026562 0.022030
3 0.751563 0.125910 0.023438 0.022011
3 0.815625 0.059877 0.021875 0.020440
3 0.814063 0.123149 0.025000 0.025145
3 0.852344 0.088215 0.023438 0.023574
3 0.917969 0.041722 0.025000 0.025145
3 0.967187 0.077946 0.029687 0.025173
3 0.888281 0.108737 0.026562 0.026717
0 0.962500 0.037294 0.042188 0.042433
0 0.911719 0.010156 0.035937 0.020313
0 0.882031 0.060263 0.042188 0.042433
0 0.846875 0.050683 0.035937 0.040834
0 0.812500 0.026265 0.032813 0.036128
0 0.807813 0.080144 0.040625 0.042424
0 0.739844 0.025061 0.035937 0.034584
0 0.743750 0.088365 0.039062 0.042415
0 0.700781 0.082646 0.039062 0.040852
0 0.657813 0.065990 0.035937 0.037709
0 0.646875 0.106551 0.042188 0.043995
0 0.592969 0.089050 0.042188 0.039308
0 0.554688 0.098202 0.048438 0.048719
0 0.490625 0.097048 0.046875 0.050273
0 0.446875 0.128825 0.057813 0.056586
7 0.959375 0.154688 0.081250 0.159375
7 0.928125 0.080844 0.065625 0.067569
7 0.902344 0.187725 0.118750 0.174128
7 0.822656 0.203667 0.092188 0.150536
7 0.853125 0.117126 0.050000 0.064353
7 0.810937 0.099693 0.067187 0.059766
7 0.754687 0.109522 0.082812 0.091107
7 0.757812 0.218134 0.090625 0.161465
7 0.707031 0.210026 0.067187 0.145703
7 0.678125 0.136420 0.031250 0.037682
7 0.667188 0.228544 0.103125 0.159975
7 0.604688 0.172712 0.059375 0.081595
7 0.572656 0.225650 0.129688 0.166379
7 0.517188 0.222203 0.098437 0.161510
7 0.460938 0.275782 0.156250 0.216534
5 0.953906 0.223438 0.092188 0.431250
5 0.941406 0.190625 0.117188 0.381250
5 0.914844 0.235156 0.164062 0.407813
5 0.871875 0.227391 0.117188 0.400682
5 0.841406 0.199870 0.096875 0.383376
5 0.836719 0.248438 0.151562 0.381250
5 0.769531 0.201796 0.139063 0.397684
5 0.769531 0.250781 0.132812 0.376563
5 0.725781 0.250000 0.117188 0.378125
5 0.690625 0.241962 0.109375 0.392824
5 0.682813 0.259375 0.156250 0.359375
5 0.625000 0.250000 0.115625 0.378125
5 0.590625 0.253125 0.190625 0.371875
5 0.532031 0.251563 0.151562 0.375000
5 0.482812 0.265625 0.221875 0.346875
1 0.313281 0.693750 0.092188 0.509375
1 0.125000 0.756250 0.250000 0.271875
8 0.473438 0.857031 0.228125 0.285938
8 0.645312 0.878125 0.381250 0.243750
8 0.911719 0.796875 0.176563 0.184375
