3 0.006250 0.120313 0.012500 0.025000
3 0.045923 0.080096 0.021984 0.018877
3 0.115531 0.092972 0.028252 0.022039
3 0.156120 0.086486 0.021984 0.018877
3 0.214877 0.114270 0.022002 0.022002
3 0.233354 0.067286 0.018868 0.020422
3 0.268647 0.090519 0.021993 0.020440
3 0.323016 0.035513 0.025118 0.020458
3 0.317171 0.105081 0.021993 0.020440
3 0.395727 0.044466 0.021984 0.018877
3 0.383618 0.111726 0.025127 0.022020
3 0.430316 0.080984 0.022002 0.022002
3 0.507432 0.041472 0.023574 0.023574
3 0.553013 0.087302 0.028252 0.022039
3 0.464850 0.108128 0.025145 0.025145
0 0.555102 0.043538 0.040852 0.039299
0 0.505469 0.009375 0.032813 0.018750
0 0.465331 0.056561 0.040861 0.040861
0 0.430079 0.040359 0.034602 0.039262
0 0.396875 0.012500 0.031250 0.025000
0 0.384917 0.066404 0.037727 0.039281
0 0.321875 0.006250 0.034375 0.012500
0 0.316153 0.064460 0.037736 0.040843
0 0.270764 0.051443 0.036156 0.037709
0 0.228435 0.027469 0.034584 0.036137
0 0.209926 0.068985 0.037745 0.042406
0 0.155856 0.041173 0.039281 0.037727
0 0.113696 0.046106 0.044014 0.045567
0 0.046436 0.033997 0.044023 0.047130
0 0.010156 0.060156 0.020313 0.051562
7 0.585156 0.206250 0.029687 0.187500
7 0.549219 0.170313 0.101562 0.156250
7 0.511593 0.085199 0.059739 0.062845
7 0.467694 0.194052 0.101000 0.172457
7 0.380216 0.198467 0.077435 0.150445
7 0.426587 0.111476 0.044114 0.062755
7 0.384254 0.086721 0.064372 0.053498
7 0.324102 0.087852 0.077072 0.087945
7 0.309145 0.202787 0.072820 0.162918
7 0.256706 0.186685 0.050873 0.150291
7 0.238260 0.104759 0.028343 0.037664
7 0.212252 0.200226 0.086865 0.159875
7 0.154821 0.131807 0.050464 0.079978
7 0.112929 0.182834 0.116561 0.161610
7 0.054262 0.170675 0.080624 0.161401
7 0.027344 0.217969 0.054688 0.214062
5 0.581250 0.285938 0.037500 0.496875
5 0.549219 0.244531 0.101562 0.451562
5 0.509375 0.201563 0.062500 0.403125
5 0.468925 0.271391 0.105888 0.475600
5 0.428063 0.231002 0.061829 0.422220
5 0.400000 0.200000 0.043750 0.400000
5 0.384536 0.269538 0.096313 0.441170
5 0.323437 0.197656 0.087500 0.395313
5 0.313420 0.266046 0.076019 0.444177
5 0.269542 0.244425 0.061829 0.422220
5 0.235008 0.217281 0.053981 0.415925
5 0.217371 0.274417 0.099502 0.452126
5 0.163919 0.218476 0.064827 0.400364
5 0.118125 0.270307 0.131007 0.496058
5 0.059395 0.247210 0.090282 0.478634
5 0.037500 0.307031 0.075000 0.548438
4 0.800000 0.417969 0.400000 0.342187
5 0.800000 0.294531 0.400000 0.589063
9 0.146736 0.901415 0.100482 0.083394
9 0.299144 0.911467 0.216407 0.135629
0 0.415903 0.702968 0.031523 0.047057
0 0.243006 0.662566 0.056677 0.073765
7 0.434681 0.841926 0.069677 0.159775
7 0.250000 0.873437 0.109375 0.253125
3 0.422390 0.743556 0.025145 0.025145
5 0.259375 0.794531 0.140625 0.410938
5 0.446094 0.801562 0.101562 0.396875
8 0.778125 0.820312 0.356250 0.359375
