1 0.250000 0.364844 0.500000 0.314063
2 0.235156 0.097656 0.470313 0.195312
4 0.250000 0.559375 0.500000 0.318750
5 0.250000 0.359375 0.500000 0.718750
1 0.639844 0.399219 0.279687 0.410938
2 0.614844 0.085938 0.229687 0.171875
4 0.725000 0.587500 0.450000 0.262500
5 0.750000 0.359375 0.500000 0.718750
8 0.250000 0.859375 0.500000 0.281250
0 0.392286 0.869693 0.011019 0.014126
7 0.386926 0.888475 0.020440 0.021993
5 0.387662 0.880658 0.026772 0.036092
9 0.160156 0.954688 0.320312 0.090625
9 0.109375 0.859375 0.218750 0.281250
3 0.506250 0.766406 0.012500 0.035937
0 0.793750 0.956250 0.081250 0.087500
7 0.891406 0.935156 0.170313 0.129688
7 0.525781 0.875000 0.051562 0.250000
5 0.876563 0.932031 0.246875 0.135937
