1 0.084375 0.434375 0.168750 0.290625
2 0.110937 0.207813 0.221875 0.225000
5 0.179688 0.310156 0.359375 0.539062
9 0.442188 0.182031 0.165625 0.214062
0 0.723437 0.167818 0.026562 0.045622
4 0.721094 0.198314 0.039062 0.053580
5 0.720313 0.220198 0.071875 0.161774
0 0.336719 0.679688 0.045312 0.103125
2 0.234375 0.682519 0.084375 0.068169
3 0.055469 0.644757 0.075000 0.099310
3 0.211719 0.772626 0.043750 0.066134
3 0.342187 0.762500 0.034375 0.043750
4 0.302344 0.885156 0.114062 0.229687
4 0.139063 0.885938 0.153125 0.228125
4 0.045312 0.830469 0.090625 0.339062
5 0.076563 0.789844 0.153125 0.420312
5 0.167187 0.815625 0.296875 0.368750
5 0.263281 0.808594 0.192188 0.382812
8 0.821875 0.789844 0.356250 0.420312
8 0.525000 0.789844 0.331250 0.420312
