1 0.190625 0.192969 0.278125 0.348438
2 0.234375 0.030469 0.190625 0.060937
5 0.164844 0.189844 0.329688 0.379688
0 0.727002 0.174219 0.028525 0.034375
0 0.460833 0.086719 0.042697 0.043750
2 0.373641 0.127344 0.030106 0.035937
4 0.360287 0.200781 0.058994 0.101562
7 0.435432 0.188281 0.057832 0.135937
4 0.706753 0.235937 0.058812 0.085938
5 0.367969 0.242188 0.076563 0.271875
5 0.437500 0.221875 0.109375 0.315625
5 0.700000 0.266406 0.087500 0.226562
5 0.833594 0.189844 0.198437 0.379688
5 0.925000 0.189844 0.150000 0.379688
4 0.953125 0.142969 0.093750 0.285938
4 0.855100 0.109375 0.110103 0.196875
2 0.282031 0.800781 0.095312 0.145313
5 0.164844 0.841406 0.329688 0.317188
9 0.457790 0.714063 0.028525 0.034375
9 0.583253 0.741406 0.025364 0.031250
9 0.844808 0.755469 0.014499 0.037500
9 0.813413 0.767969 0.077526 0.082812
9 0.772679 0.777344 0.014499 0.037500
9 0.748560 0.768750 0.045931 0.053125
