5 0.193750 0.375000 0.356250 0.109375
7 0.622289 0.219316 0.084485 0.144232
1 0.615394 0.140364 0.025436 0.037645
1 0.214062 0.005469 0.025000 0.010937
1 0.310508 0.088587 0.036337 0.034584
1 0.527750 0.017971 0.037882 0.033031
2 0.315625 0.031250 0.087500 0.062500
4 0.528504 0.087511 0.092170 0.133340
4 0.366406 0.038281 0.079687 0.076563
4 0.254811 0.174987 0.114682 0.188155
4 0.181250 0.064062 0.075000 0.128125
4 0.124219 0.014063 0.064062 0.028125
4 0.072656 0.021875 0.067187 0.043750
5 0.073438 0.151562 0.146875 0.303125
5 0.115625 0.137500 0.140625 0.275000
5 0.160938 0.169531 0.159375 0.339062
5 0.281250 0.182812 0.221875 0.365625
5 0.373437 0.065625 0.159375 0.131250
5 0.535156 0.105469 0.170313 0.210938
5 0.621875 0.248438 0.134375 0.346875
0 0.634663 0.095942 0.047511 0.054960
8 0.844531 0.214844 0.310937 0.429688
2 0.842821 0.305561 0.012664 0.014135
3 0.843393 0.323535 0.006377 0.010974
4 0.836143 0.342244 0.020767 0.039181
5 0.843929 0.344633 0.047984 0.095585
5 0.578125 0.714844 0.221875 0.570312
7 0.629687 0.636719 0.118750 0.257812
3 0.673438 0.513281 0.031250 0.032813
0 0.667188 0.464062 0.043750 0.068750
