0 0.332813 0.343750 0.027344 0.029687
0 0.252344 0.342969 0.031250 0.032031
0 0.168750 0.339844 0.032813 0.030469
0 0.379688 0.365625 0.029687 0.030469
0 0.585156 0.350000 0.029687 0.030469
0 0.537500 0.326562 0.026562 0.030469
0 0.789062 0.328125 0.035937 0.032813
0 0.287500 0.375781 0.032031 0.035156
0 0.503906 0.360156 0.028125 0.032031
0 0.415625 0.352344 0.025781 0.031250
0 0.221875 0.389062 0.033594 0.030469
0 0.448437 0.336719 0.026562 0.031250
0 0.633594 0.392188 0.033594 0.075000
0 0.464844 0.372656 0.029687 0.036719
0 0.849219 0.365625 0.045312 0.044531
0 0.146875 0.379688 0.039062 0.034375
3 0.153125 0.418750 0.021094 0.014063
3 0.171094 0.371875 0.018750 0.017969
3 0.226562 0.421875 0.017188 0.013281
3 0.253906 0.375000 0.021875 0.015625
3 0.289062 0.414062 0.023438 0.017188
3 0.332813 0.378125 0.019531 0.015625
3 0.379688 0.402344 0.025781 0.016406
3 0.416406 0.383594 0.019531 0.015625
3 0.446875 0.365625 0.017188 0.016406
3 0.463281 0.410938 0.021875 0.019531
3 0.505469 0.389844 0.017969 0.019531
3 0.536719 0.359375 0.019531 0.017969
3 0.550000 0.414062 0.020313 0.017969
3 0.585156 0.387500 0.021094 0.017969
3 0.614062 0.376563 0.014844 0.013281
3 0.632812 0.414062 0.017969 0.017188
3 0.671875 0.399219 0.017969 0.016406
3 0.706250 0.389844 0.024219 0.017969
3 0.760938 0.426563 0.016406 0.014063
3 0.789062 0.365625 0.024219 0.021875
3 0.845313 0.400781 0.023438 0.021094
0 0.767969 0.389844 0.039844 0.042969
0 0.706250 0.348438 0.032031 0.030469
0 0.669531 0.360938 0.032031 0.029687
0 0.632812 0.372656 0.032031 0.030469
0 0.614062 0.342187 0.027344 0.027344
0 0.547656 0.377344 0.031250 0.032031
7 0.845313 0.503906 0.082031 0.168750
7 0.785937 0.450781 0.078125 0.146094
7 0.763281 0.515625 0.064062 0.153125
7 0.707031 0.466406 0.077344 0.138281
7 0.668750 0.460156 0.039062 0.128906
7 0.635156 0.486719 0.070312 0.138281
7 0.607812 0.405469 0.023438 0.035937
7 0.590625 0.456250 0.053125 0.128125
7 0.550781 0.484375 0.065625 0.131250
7 0.542188 0.396875 0.052344 0.050000
7 0.504687 0.456250 0.054688 0.106250
7 0.458594 0.476562 0.076563 0.125781
7 0.439844 0.394531 0.021875 0.020313
7 0.424219 0.413281 0.050000 0.040625
7 0.383594 0.464062 0.072656 0.114844
7 0.332813 0.445312 0.060156 0.106250
7 0.250000 0.417187 0.026562 0.025781
7 0.178125 0.424219 0.040625 0.064844
7 0.146094 0.499219 0.074219 0.142187
7 0.217188 0.493750 0.065625 0.132812
5 0.168750 0.507031 0.072656 0.367969
5 0.147656 0.559375 0.075781 0.393750
5 0.217188 0.537500 0.068750 0.328125
5 0.255469 0.501563 0.043750 0.350781
5 0.282813 0.533594 0.074219 0.353125
5 0.335938 0.501563 0.065625 0.347656
5 0.379688 0.523438 0.086719 0.354687
5 0.420312 0.501563 0.056250 0.335938
5 0.444531 0.362500 0.034375 0.087500
5 0.463281 0.532813 0.087500 0.360156
5 0.504687 0.510938 0.053125 0.337500
5 0.540625 0.364063 0.054688 0.104688
5 0.546094 0.537500 0.080469 0.358594
5 0.590625 0.510938 0.058594 0.355469
5 0.621094 0.496875 0.046875 0.342187
5 0.633594 0.535937 0.070312 0.361719
5 0.659375 0.519531 0.060937 0.347656
5 0.704688 0.528125 0.075000 0.390625
5 0.759375 0.559375 0.079687 0.384375
5 0.786719 0.519531 0.078906 0.415625
5 0.843750 0.557813 0.086719 0.434375
