7 0.010156 0.227344 0.020313 0.132812
7 0.018750 0.188176 0.035937 0.080106
7 0.059375 0.256250 0.118750 0.203125
7 0.124219 0.205028 0.050000 0.108394
7 0.153125 0.238958 0.095312 0.137047
7 0.248438 0.245536 0.070312 0.125818
7 0.289844 0.285862 0.103125 0.151200
7 0.335156 0.264062 0.048438 0.118750
0 0.303125 0.168829 0.046875 0.050545
0 0.275000 0.145845 0.037500 0.042624
0 0.168750 0.130546 0.035937 0.039481
0 0.152344 0.119418 0.029687 0.033158
0 0.096875 0.118773 0.053125 0.053743
0 0.023438 0.122606 0.021875 0.028380
0 0.011719 0.108594 0.023438 0.042188
0 0.003906 0.087500 0.007812 0.018750
3 0.015625 0.131890 0.006250 0.009448
3 0.004687 0.147656 0.009375 0.014063
3 0.089844 0.171034 0.020313 0.026799
3 0.167187 0.166466 0.018750 0.017406
3 0.272656 0.186443 0.015625 0.014244
3 0.300000 0.215667 0.018750 0.020531
5 0.003906 0.095312 0.007812 0.037500
5 0.021094 0.210156 0.042188 0.207813
5 0.020313 0.240625 0.040625 0.312500
5 0.100000 0.204746 0.032813 0.087882
5 0.068750 0.312500 0.137500 0.459375
5 0.121094 0.245617 0.092188 0.294823
5 0.148438 0.292810 0.137500 0.365662
5 0.246875 0.260362 0.098437 0.277708
5 0.282813 0.349219 0.153125 0.420312
5 0.324219 0.303125 0.070312 0.287500
9 0.934375 0.296699 0.031250 0.037864
9 0.796094 0.283371 0.028125 0.033140
9 0.521094 0.211421 0.017188 0.040825
9 0.549219 0.234405 0.085938 0.093187
9 0.588281 0.257516 0.017188 0.040825
9 0.615625 0.257834 0.051562 0.059975
3 0.168750 0.610156 0.228125 0.101562
4 0.179688 0.669531 0.359375 0.220312
5 0.179688 0.690625 0.359375 0.262500
3 0.063281 0.949219 0.126562 0.101562
2 0.087500 0.789844 0.175000 0.148438
5 0.179688 0.836719 0.359375 0.326562
8 0.798438 0.714844 0.403125 0.310937
8 0.730469 0.861719 0.539062 0.276562
4 0.858594 0.617183 0.015625 0.025182
2 0.863281 0.595362 0.012500 0.012645
5 0.856250 0.609343 0.032813 0.047257
