3 0.435937 0.065625 0.028125 0.028125
3 0.397280 0.019142 0.025255 0.022020
3 0.326150 0.022680 0.031541 0.025182
3 0.285156 0.010937 0.026562 0.021875
3 0.223715 0.031088 0.026853 0.025155
3 0.172656 0.005469 0.026562 0.010937
3 0.121875 0.009375 0.025000 0.018750
3 0.053906 0.009375 0.026562 0.018750
0 0.435156 0.017188 0.029687 0.034375
7 0.046875 0.092969 0.093750 0.160938
7 0.019531 0.017188 0.039062 0.034375
7 0.057031 0.006250 0.073438 0.012500
7 0.117188 0.018750 0.090625 0.037500
7 0.115802 0.107492 0.097312 0.172430
7 0.171380 0.097795 0.072131 0.156659
7 0.200781 0.019531 0.032813 0.039062
7 0.214122 0.117076 0.109812 0.172502
7 0.281237 0.055752 0.061956 0.087855
7 0.315739 0.111797 0.139554 0.177362
7 0.375931 0.108322 0.105143 0.174037
7 0.401562 0.164062 0.096875 0.231250
5 0.027344 0.167187 0.054688 0.334375
5 0.038281 0.147656 0.076563 0.295312
5 0.055469 0.196094 0.110937 0.392188
5 0.103125 0.151562 0.146875 0.303125
5 0.101562 0.198437 0.140625 0.396875
5 0.149219 0.184375 0.123438 0.368750
5 0.188281 0.171875 0.117188 0.343750
5 0.196875 0.211719 0.165625 0.423438
5 0.258594 0.173437 0.123438 0.346875
5 0.296875 0.228125 0.203125 0.456250
5 0.358594 0.214062 0.160938 0.428125
5 0.371094 0.268750 0.157812 0.537500
1 0.845313 0.444531 0.309375 0.270313
2 0.877344 0.222656 0.245312 0.170313
5 0.725000 0.322656 0.550000 0.514062
4 0.225000 0.803906 0.450000 0.392188
5 0.225000 0.789844 0.450000 0.420312
0 0.946094 0.667188 0.107813 0.175000
3 0.969531 0.817969 0.060937 0.073438
7 0.861719 0.873437 0.276562 0.253125
5 0.836719 0.789844 0.326562 0.420312
