1 0.321094 0.429688 0.523438 0.200000
2 0.234705 0.253555 0.460429 0.186595
5 0.379688 0.334375 0.759375 0.390625
1 0.993750 0.158594 0.012500 0.057813
1 0.781250 0.434375 0.043750 0.059375
1 0.824794 0.205874 0.069159 0.071112
1 0.927070 0.218784 0.080160 0.082177
2 0.992969 0.085156 0.014063 0.054688
2 0.936191 0.128259 0.081623 0.065008
2 0.836223 0.121626 0.081605 0.061883
2 0.793750 0.341406 0.068750 0.095312
4 0.847656 0.056250 0.145313 0.112500
4 0.975000 0.251563 0.050000 0.150000
4 0.977344 0.426563 0.045312 0.206250
4 0.896094 0.389062 0.207813 0.281250
4 0.795312 0.282031 0.071875 0.126562
5 0.859375 0.101562 0.200000 0.203125
5 0.835938 0.252344 0.153125 0.332813
5 0.843750 0.406250 0.168750 0.246875
5 0.951562 0.346875 0.096875 0.365625
5 0.879687 0.305469 0.240625 0.448437
5 0.966406 0.192969 0.067187 0.289062
5 0.965625 0.046094 0.068750 0.092188
5 0.967969 0.104688 0.064062 0.209375
2 0.452344 0.647656 0.370312 0.235937
5 0.379688 0.764844 0.759375 0.470313
5 0.879687 0.788281 0.240625 0.423438
