1 0.275781 0.292969 0.348438 0.264062
2 0.298438 0.079687 0.303125 0.159375
4 0.225000 0.422656 0.450000 0.154688
5 0.225000 0.250000 0.450000 0.500000
9 0.677344 0.461719 0.117188 0.076563
0 0.981250 0.148438 0.037500 0.100000
6 0.159061 0.782128 0.038700 0.103561
6 0.313176 0.734709 0.030578 0.076908
6 0.005469 0.644531 0.010937 0.039062
6 0.236249 0.635390 0.012882 0.032958
6 0.152746 0.642229 0.012918 0.036083
6 0.144761 0.627295 0.008103 0.025091
6 0.069007 0.628757 0.009720 0.029797
6 0.335186 0.612325 0.008012 0.017278
6 0.173604 0.622162 0.011265 0.028252
6 0.307079 0.613561 0.009648 0.023547
6 0.038439 0.619808 0.008012 0.017278
6 0.047786 0.617574 0.008012 0.017278
6 0.030481 0.607217 0.004851 0.014117
6 0.057815 0.606754 0.006377 0.011010
6 0.089193 0.618055 0.006468 0.018823
6 0.102437 0.615085 0.008031 0.018841
6 0.138329 0.611597 0.006450 0.017260
6 0.121069 0.605147 0.004833 0.012555
6 0.149303 0.614849 0.008049 0.020403
6 0.190728 0.616894 0.009648 0.023547
6 0.202428 0.615467 0.009630 0.021984
6 0.077319 0.604638 0.006395 0.012573
6 0.218017 0.612524 0.009666 0.025109
6 0.223431 0.607900 0.008031 0.018841
6 0.251602 0.612134 0.008049 0.020403
6 0.283052 0.629685 0.011265 0.028252
6 0.407061 0.613162 0.008067 0.021966
6 0.342199 0.610845 0.006450 0.017260
6 0.346069 0.607765 0.006432 0.015698
6 0.635156 0.594531 0.207813 0.189062
6 0.510156 0.809375 0.120313 0.381250
6 0.757812 0.528125 0.165625 0.056250
