1 0.235937 0.417969 0.187500 0.101562
2 0.213281 0.221875 0.232813 0.206250
5 0.164844 0.284375 0.329688 0.368750
3 0.898736 0.342885 0.040852 0.039299
2 0.617776 0.425628 0.069114 0.062900
2 0.902175 0.288997 0.047093 0.037773
4 0.871094 0.413281 0.123438 0.110937
5 0.682031 0.430469 0.223438 0.076563
5 0.887500 0.369531 0.165625 0.198437
5 0.189844 0.734375 0.279687 0.531250
5 0.046094 0.734375 0.092188 0.531250
5 0.016406 0.481250 0.017188 0.025000
4 0.016406 0.481250 0.017188 0.025000
1 0.008594 0.568750 0.017188 0.093750
1 0.295312 0.527344 0.068750 0.117188
4 0.208594 0.764062 0.242188 0.471875
4 0.036719 0.801562 0.073438 0.390625
3 0.597310 0.726596 0.083058 0.042669
3 0.901815 0.759619 0.095503 0.033367
0 0.353125 0.557813 0.046875 0.090625
0 0.597878 0.628940 0.170812 0.086928
0 0.914021 0.676093 0.152026 0.080569
7 0.881250 0.894531 0.237500 0.210938
7 0.591406 0.873437 0.314063 0.253125
7 0.381250 0.844531 0.103125 0.310937
5 0.864062 0.811719 0.271875 0.376563
5 0.601562 0.785156 0.400000 0.429688
