2 0.304688 0.125000 0.090625 0.093750
5 0.175000 0.366406 0.350000 0.585938
1 0.676058 0.318612 0.570078 0.251737
2 0.675000 0.052344 0.650000 0.104688
4 0.675000 0.537500 0.650000 0.243750
5 0.675000 0.329688 0.650000 0.659375
0 0.058650 0.703591 0.044659 0.078380
0 0.238912 0.886149 0.022311 0.037627
0 0.346875 0.717969 0.006250 0.023438
0 0.103211 0.907252 0.015989 0.031341
4 0.090266 0.936235 0.016189 0.048528
4 0.240284 0.936925 0.038336 0.072093
4 0.033679 0.840464 0.064409 0.164426
5 0.096379 0.924480 0.032014 0.065807
5 0.236719 0.933594 0.060937 0.132812
5 0.345313 0.840625 0.009375 0.262500
3 0.346875 0.748437 0.006250 0.015625
3 0.239312 0.920524 0.009557 0.015680
3 0.051447 0.755980 0.020603 0.025118
5 0.044531 0.831250 0.089063 0.337500
8 0.725000 0.806250 0.550000 0.293750
