1 0.207813 0.182812 0.415625 0.340625
2 0.209375 0.035156 0.418750 0.070312
4 0.354687 0.310937 0.709375 0.137500
5 0.354687 0.189844 0.709375 0.379688
0 0.859871 0.267969 0.036219 0.048438
0 0.992969 0.204687 0.014063 0.078125
7 0.860938 0.351562 0.087500 0.056250
3 0.859327 0.308594 0.028289 0.028125
5 0.960156 0.227344 0.079687 0.304688
5 0.859375 0.275000 0.181250 0.209375
0 0.053125 0.426563 0.106250 0.093750
7 0.174507 0.669531 0.192916 0.393750
5 0.160156 0.689844 0.320312 0.620313
3 0.995313 0.750781 0.009375 0.026562
3 0.955107 0.718750 0.023556 0.020313
3 0.889614 0.741406 0.029833 0.025000
3 0.850546 0.740625 0.025127 0.021875
3 0.797626 0.775781 0.025136 0.023438
3 0.773162 0.733594 0.020440 0.021875
3 0.742071 0.760938 0.023565 0.021875
0 0.734040 0.723437 0.039299 0.040625
0 0.771368 0.693750 0.037727 0.039062
0 0.795023 0.731250 0.042451 0.045312
0 0.843265 0.697656 0.042424 0.040625
0 0.884658 0.695312 0.050291 0.050000
0 0.947040 0.675000 0.048728 0.050000
0 0.985156 0.693750 0.029687 0.056250
7 0.720313 0.765625 0.021875 0.093750
7 0.736719 0.873437 0.054688 0.165625
7 0.767594 0.850781 0.068060 0.150000
7 0.774152 0.769531 0.033040 0.039062
7 0.812166 0.857812 0.105642 0.164062
7 0.857828 0.783594 0.059857 0.082812
7 0.905734 0.826562 0.133803 0.170313
7 0.954688 0.806250 0.090625 0.165625
7 0.975781 0.843750 0.048438 0.221875
5 0.740625 0.828125 0.062500 0.343750
5 0.750000 0.857812 0.081250 0.284375
5 0.765625 0.850000 0.112500 0.300000
5 0.793750 0.837500 0.109375 0.325000
5 0.817969 0.852344 0.157812 0.295312
5 0.861719 0.835938 0.117188 0.328125
5 0.908594 0.832812 0.182812 0.334375
5 0.944531 0.822656 0.110937 0.354687
5 0.960938 0.828906 0.078125 0.342187
