2 0.049991 0.070754 0.037664 0.028561
4 0.040998 0.136488 0.078761 0.110284
5 0.049219 0.176563 0.098437 0.353125
9 0.963281 0.456250 0.073438 0.084375
3 0.641566 0.169373 0.031550 0.051926
7 0.567969 0.192969 0.157812 0.179688
0 0.667911 0.131564 0.061519 0.100709
5 0.595313 0.278125 0.212500 0.440625
8 0.162629 0.755047 0.298902 0.351892
8 0.289062 0.750000 0.400000 0.500000
0 0.156538 0.782463 0.004724 0.006305
7 0.154299 0.800459 0.009502 0.021984
5 0.152782 0.808290 0.017533 0.059575
9 0.148049 0.800532 0.042497 0.053616
8 0.105680 0.769773 0.042442 0.044241
8 0.051097 0.788378 0.053443 0.055306
8 0.006250 0.773438 0.012500 0.059375
0 0.555469 0.582812 0.132812 0.165625
3 0.510156 0.724219 0.042188 0.070312
7 0.577344 0.829688 0.176563 0.340625
5 0.617188 0.750000 0.256250 0.500000
