2 0.286623 0.026515 0.036092 0.026772
4 0.292509 0.088979 0.075618 0.106686
5 0.270313 0.152344 0.171875 0.304688
3 0.731117 0.272269 0.023565 0.022011
3 0.743094 0.227669 0.018868 0.020422
3 0.778155 0.243871 0.021993 0.020440
3 0.823014 0.187362 0.025127 0.022020
3 0.824980 0.252192 0.021993 0.020440
3 0.890978 0.187748 0.021993 0.020440
3 0.886704 0.251052 0.023574 0.023574
3 0.925961 0.217231 0.022002 0.022002
3 0.989844 0.171094 0.020313 0.023438
3 0.960995 0.238120 0.025155 0.026708
0 0.985156 0.133594 0.029687 0.035937
0 0.955804 0.190496 0.040870 0.042424
0 0.921492 0.179758 0.036165 0.039272
0 0.888825 0.154949 0.033012 0.034566
0 0.883824 0.208883 0.039299 0.040852
0 0.817750 0.152238 0.034575 0.034575
0 0.818944 0.215510 0.037736 0.040843
0 0.776021 0.207947 0.037718 0.037718
0 0.734714 0.191001 0.034593 0.037700
0 0.721983 0.230917 0.040880 0.043986
7 0.985156 0.210938 0.029687 0.065625
7 0.957031 0.316406 0.085938 0.170313
7 0.892490 0.330703 0.088345 0.145822
7 0.925793 0.246137 0.047239 0.062773
7 0.885273 0.228405 0.065952 0.056632
7 0.828982 0.235763 0.080206 0.089526
7 0.827573 0.343580 0.085284 0.156741
7 0.777633 0.333715 0.063327 0.142551
7 0.751493 0.261213 0.029897 0.036110
7 0.742969 0.351562 0.085938 0.156250
5 0.978906 0.312500 0.042188 0.393750
5 0.953125 0.371094 0.093750 0.417187
5 0.940001 0.355426 0.105425 0.395912
5 0.910477 0.327473 0.086575 0.378616
5 0.902344 0.382812 0.139063 0.393750
5 0.839383 0.327887 0.127273 0.391352
5 0.836719 0.385156 0.120313 0.389062
5 0.794531 0.383594 0.104688 0.392188
5 0.760263 0.365065 0.096004 0.388045
5 0.760156 0.392188 0.120313 0.375000
5 0.722656 0.373437 0.045312 0.375000
5 0.722656 0.385156 0.045312 0.389062
8 0.379688 0.789844 0.640625 0.420312
