1 0.114062 0.919531 0.228125 0.160938
6 0.877177 0.850120 0.019241 0.042297
6 0.758827 0.815054 0.016080 0.039153
6 0.613315 0.764204 0.016061 0.037591
6 0.947481 0.851311 0.012882 0.032885
6 0.819719 0.819315 0.012845 0.029760
6 0.579849 0.753071 0.014444 0.032894
6 0.721636 0.788274 0.014481 0.036019
6 0.568167 0.749878 0.012864 0.031323
6 0.482812 0.714063 0.006250 0.021875
6 0.541068 0.728625 0.009630 0.021930
6 0.592358 0.752363 0.011210 0.023501
6 0.608846 0.745427 0.011174 0.020376
6 0.660272 0.757446 0.009593 0.018805
6 0.667767 0.784835 0.017606 0.036037
6 0.666331 0.773889 0.009648 0.023492
6 0.663252 0.769964 0.008049 0.020358
6 0.706993 0.771000 0.009575 0.017242
6 0.730257 0.785980 0.009648 0.023492
6 0.738815 0.789155 0.011192 0.021939
6 0.794138 0.801978 0.011192 0.021939
6 0.814369 0.809127 0.009630 0.021930
6 0.872027 0.822745 0.009648 0.023492
6 0.919565 0.833178 0.009593 0.018805
6 0.929712 0.834019 0.009593 0.018805
6 0.914260 0.819084 0.006414 0.014099
6 0.942303 0.826279 0.006395 0.012536
6 0.971763 0.845983 0.008049 0.020358
6 0.985817 0.846846 0.008031 0.018795
6 0.964151 0.828750 0.007976 0.014108
