8 0.364959 0.679756 0.232704 0.252691
8 0.228906 0.568750 0.457813 0.478125
5 0.249552 0.581545 0.040998 0.064535
2 0.948285 0.583961 0.053461 0.058431
0 0.911252 0.395262 0.081741 0.085320
0 0.723437 0.361719 0.065625 0.064062
0 0.612500 0.366406 0.046875 0.073438
3 0.599219 0.469531 0.020313 0.060937
3 0.716308 0.456270 0.044014 0.045822
3 0.896972 0.491964 0.045622 0.053652
4 0.978125 0.721875 0.043750 0.312500
4 0.903125 0.835938 0.156250 0.328125
7 0.874553 0.666691 0.161339 0.339354
7 0.691540 0.630189 0.159703 0.326836
7 0.613281 0.657031 0.048438 0.357812
5 0.950781 0.696094 0.098437 0.607812
5 0.900781 0.768750 0.198437 0.462500
5 0.854688 0.669531 0.250000 0.660937
5 0.696094 0.664844 0.214062 0.670312
5 0.631250 0.664844 0.084375 0.670312
