9 0.927555 0.300924 0.110329 0.164699
9 0.975000 0.275000 0.050000 0.103125
7 0.856507 0.292698 0.156415 0.297775
7 0.719034 0.287211 0.091707 0.186465
0 0.801502 0.078308 0.067706 0.089453
0 0.702697 0.141017 0.031523 0.047057
5 0.730469 0.334375 0.192188 0.468750
5 0.818750 0.284375 0.362500 0.568750
1 0.239844 0.846875 0.479687 0.306250
2 0.175000 0.647656 0.350000 0.157812
5 0.289844 0.784375 0.579688 0.431250
8 0.705469 0.784375 0.251563 0.431250
7 0.824026 0.728192 0.033122 0.053316
7 0.991406 0.714844 0.017188 0.035937
7 0.973136 0.747810 0.034648 0.047075
0 0.993750 0.730469 0.012500 0.020313
0 0.979554 0.718940 0.014172 0.018832
0 0.828923 0.692282 0.012591 0.015698
5 0.827887 0.736027 0.053725 0.103434
5 0.988281 0.726562 0.023438 0.062500
5 0.968444 0.748564 0.056705 0.078452
