6 0.109180 0.013239 0.011083 0.025064
6 0.204538 0.020497 0.006386 0.023474
6 0.119509 0.042868 0.014199 0.023519
6 0.193701 0.037748 0.009484 0.018805
6 0.288195 0.030948 0.006341 0.015661
6 0.353861 0.037598 0.007903 0.015670
6 0.434385 0.046505 0.009475 0.017242
6 0.516470 0.055403 0.009493 0.020367
6 0.477109 0.272826 0.049056 0.106532
6 0.010143 0.045067 0.015789 0.028216
6 0.246757 0.025721 0.006332 0.014099
6 0.024873 0.025449 0.011065 0.021939
6 0.086574 0.021965 0.009484 0.018805
6 0.120917 0.016296 0.006341 0.015661
6 0.139644 0.012281 0.006323 0.012536
6 0.152912 0.009860 0.006314 0.010974
6 0.160711 0.007471 0.004742 0.009402
6 0.201468 0.029890 0.009466 0.015680
6 0.484366 0.043089 0.007903 0.015670
6 0.424183 0.038751 0.007894 0.014108
6 0.360865 0.032870 0.004760 0.012527
6 0.330369 0.028359 0.006314 0.010974
6 0.321757 0.025284 0.004751 0.010965
6 0.313145 0.022209 0.004742 0.009402
6 0.305301 0.016786 0.003170 0.007831
6 0.253743 0.017867 0.004760 0.012527
6 0.259984 0.016268 0.004751 0.010965
6 0.263105 0.015469 0.003180 0.009393
6 0.269355 0.015433 0.003180 0.009393
6 0.271698 0.015419 0.003180 0.009393
6 0.274810 0.013057 0.003180 0.009393
6 0.293564 0.013729 0.003180 0.009393
6 0.309203 0.015982 0.001608 0.007822
6 0.207654 0.018917 0.004760 0.012527
6 0.209970 0.014215 0.003189 0.010956
6 0.213077 0.011072 0.003180 0.009393
6 0.245949 0.021038 0.003198 0.012518
8 0.779687 0.250000 0.440625 0.500000
8 0.754687 0.377344 0.359375 0.245312
8 0.360156 0.585938 0.182812 0.171875
5 0.667188 0.600000 0.178125 0.200000
