6 0.903358 0.392157 0.053090 0.131550
6 0.742188 0.199219 0.006250 0.070312
6 0.768593 0.223393 0.019332 0.050109
6 0.742188 0.192969 0.006250 0.035937
6 0.782375 0.180501 0.012864 0.031323
6 0.842667 0.169132 0.009702 0.028180
6 0.913870 0.160171 0.009684 0.026617
6 0.987389 0.153567 0.008085 0.023483
6 0.912271 0.230479 0.022511 0.054815
6 0.811580 0.289272 0.030615 0.079860
6 0.978850 0.148829 0.008085 0.023483
6 0.883447 0.156087 0.008085 0.023483
6 0.787226 0.166466 0.009666 0.025055
7 0.332031 0.750000 0.489063 0.500000
5 0.332031 0.750000 0.664062 0.500000
8 0.869531 0.750000 0.260937 0.500000
