8 0.719531 0.309375 0.560937 0.618750
0 0.384360 0.717155 0.081714 0.080633
0 0.310890 0.723479 0.058194 0.066298
0 0.152288 0.726886 0.058212 0.069423
0 0.067894 0.730993 0.051881 0.055287
3 0.350434 0.774577 0.017360 0.029887
3 0.305117 0.775886 0.031423 0.030051
3 0.148127 0.770682 0.029851 0.028470
3 0.063716 0.777914 0.029842 0.026908
4 0.050000 0.874219 0.100000 0.160938
4 0.134877 0.899734 0.112092 0.199728
4 0.285156 0.899219 0.123438 0.201563
4 0.375781 0.898438 0.126562 0.203125
5 0.346094 0.834375 0.185938 0.331250
5 0.264062 0.840625 0.196875 0.318750
5 0.125781 0.842969 0.182812 0.314063
5 0.056250 0.848437 0.112500 0.303125
4 0.851562 0.809375 0.296875 0.381250
5 0.797656 0.809375 0.404687 0.381250
