5 0.077344 0.225000 0.154688 0.450000
5 0.246875 0.225000 0.393750 0.450000
5 0.398438 0.225000 0.221875 0.450000
3 0.375000 0.023438 0.075000 0.046875
2 0.150000 0.030469 0.165625 0.060937
4 0.251563 0.390625 0.265625 0.118750
4 0.422656 0.239844 0.173437 0.420312
1 0.169531 0.250000 0.159375 0.245312
8 0.757812 0.150000 0.229687 0.278125
8 0.927344 0.147656 0.145313 0.295312
9 0.611719 0.261719 0.106250 0.057813
2 0.544531 0.253906 0.010937 0.010937
5 0.546875 0.270313 0.023438 0.045312
6 0.525000 0.277344 0.015625 0.035937
6 0.600000 0.267969 0.015625 0.034375
6 0.371094 0.960156 0.028125 0.045312
6 0.310937 0.917188 0.014063 0.023438
6 0.289844 0.902344 0.010937 0.017188
6 0.278125 0.892969 0.007812 0.012500
6 0.272656 0.889062 0.006250 0.010937
6 0.267188 0.885156 0.006250 0.009375
6 0.260937 0.880469 0.006250 0.014063
6 0.114062 0.957031 0.021875 0.035937
6 0.157812 0.926562 0.012500 0.021875
6 0.173437 0.914062 0.010937 0.018750
6 0.195312 0.897656 0.006250 0.012500
6 0.202344 0.893750 0.006250 0.010937
6 0.205469 0.889844 0.004687 0.009375
6 0.207813 0.885938 0.004687 0.014063
6 0.258594 0.881250 0.003125 0.009375
6 0.255469 0.879687 0.003125 0.006250
6 0.246094 0.879687 0.004687 0.006250
6 0.230469 0.879687 0.003125 0.006250
6 0.214844 0.880469 0.003125 0.006250
6 0.203125 0.884375 0.001563 0.007812
6 0.200000 0.884375 0.003125 0.007812
6 0.192188 0.883594 0.003125 0.006250
6 0.180469 0.883594 0.003125 0.006250
6 0.158594 0.885156 0.003125 0.006250
6 0.125000 0.888281 0.003125 0.007812
6 0.097656 0.891406 0.003125 0.007812
6 0.068750 0.893750 0.003125 0.007812
6 0.021094 0.898438 0.003125 0.006250
6 0.039844 0.897656 0.004687 0.006250
6 0.012500 0.900000 0.003125 0.007812
6 0.362500 0.856250 0.003125 0.006250
6 0.358594 0.851562 0.003125 0.007812
2 0.420312 0.840625 0.004687 0.004687
2 0.396094 0.832031 0.003125 0.004687
2 0.385937 0.848437 0.003125 0.004687
2 0.382031 0.854688 0.003125 0.004687
2 0.350781 0.826562 0.006250 0.004687
4 0.351562 0.842969 0.009375 0.018750
4 0.396875 0.842969 0.004687 0.012500
4 0.424219 0.851562 0.007812 0.009375
4 0.396875 0.853906 0.007812 0.010937
5 0.420312 0.857031 0.017188 0.037500
5 0.398438 0.839844 0.009375 0.018750
5 0.392188 0.858594 0.018750 0.031250
5 0.386719 0.852344 0.007812 0.010937
5 0.381250 0.860156 0.010937 0.018750
5 0.363281 0.862500 0.006250 0.021875
5 0.353125 0.854688 0.018750 0.064062
9 0.538281 0.946875 0.057813 0.106250
5 0.855469 0.610156 0.289062 0.320312
