1 0.470313 0.443018 0.089063 0.079161
1 0.257031 0.556250 0.079687 0.046875
1 0.022656 0.375000 0.045312 0.050000
1 0.364063 0.041911 0.064062 0.064808
1 0.107813 0.137861 0.057813 0.070985
1 0.399219 0.365721 0.059375 0.063191
1 0.526563 0.095489 0.053125 0.055306
2 0.513281 0.024219 0.085938 0.048438
2 0.400000 0.268055 0.093750 0.088591
2 0.475781 0.341392 0.107813 0.080942
2 0.012500 0.282813 0.025000 0.053125
2 0.128125 0.035156 0.096875 0.070312
4 0.521094 0.295312 0.117188 0.350000
4 0.486719 0.525000 0.185938 0.109375
4 0.379688 0.462042 0.104688 0.168406
4 0.167187 0.333264 0.150000 0.339245
4 0.017188 0.262500 0.034375 0.246875
4 0.048438 0.437771 0.089063 0.076036
4 0.042969 0.514844 0.085938 0.129688
2 0.260156 0.468120 0.081250 0.065008
5 0.053125 0.225781 0.106250 0.451562
5 0.075781 0.412500 0.151562 0.334375
5 0.073438 0.441406 0.146875 0.276562
5 0.102344 0.100000 0.204687 0.200000
5 0.150000 0.289844 0.268750 0.579688
5 0.260156 0.501563 0.210938 0.156250
5 0.460938 0.435937 0.237500 0.287500
5 0.380469 0.392501 0.178125 0.339573
5 0.345313 0.190625 0.237500 0.381250
5 0.332031 0.121094 0.264062 0.242188
5 0.497656 0.289844 0.164062 0.579688
1 0.953125 0.289844 0.093750 0.242188
5 0.896875 0.289844 0.206250 0.579688
1 0.344531 0.718750 0.470313 0.278125
4 0.289844 0.903125 0.579688 0.193750
5 0.289844 0.789844 0.579688 0.420312
8 0.789844 0.789844 0.420312 0.420312
