5 0.274219 0.347656 0.110937 0.604688
5 0.155469 0.365625 0.310937 0.568750
2 0.146875 0.177588 0.170313 0.177553
4 0.154688 0.604688 0.268750 0.090625
1 0.182031 0.463321 0.162500 0.255633
1 0.562500 0.256048 0.207813 0.244959
4 0.628906 0.460156 0.432812 0.379688
5 0.664844 0.325000 0.670312 0.650000
8 0.035156 0.825000 0.070312 0.350000
8 0.116406 0.735938 0.232813 0.171875
7 0.035937 0.655469 0.028125 0.010937
5 0.034375 0.657031 0.034375 0.014063
1 0.799219 0.797613 0.201563 0.232423
5 0.701562 0.825000 0.596875 0.350000
