1 0.410156 0.013281 0.070312 0.026562
1 0.135156 0.101465 0.067187 0.067969
1 0.379688 0.137904 0.075000 0.063373
1 0.383594 0.304356 0.065625 0.064826
1 0.117969 0.346577 0.059375 0.072566
2 0.144531 0.022656 0.076563 0.045312
2 0.156250 0.250929 0.096875 0.074565
2 0.387500 0.214557 0.079687 0.068115
2 0.402344 0.052230 0.093750 0.080778
4 0.054688 0.029687 0.109375 0.059375
4 0.190625 0.095312 0.171875 0.190625
4 0.456250 0.086451 0.062500 0.144477
4 0.492969 0.235156 0.032813 0.126562
5 0.278906 0.019531 0.114062 0.039062
5 0.200000 0.117188 0.250000 0.234375
5 0.058594 0.071094 0.117188 0.142187
5 0.032031 0.100000 0.064062 0.200000
5 0.054688 0.294531 0.109375 0.248438
5 0.124219 0.204687 0.248438 0.409375
5 0.135937 0.307031 0.271875 0.223438
5 0.345313 0.292969 0.250000 0.251563
5 0.359375 0.209375 0.278125 0.418750
5 0.403125 0.111719 0.212500 0.223438
5 0.414062 0.037500 0.190625 0.075000
5 0.484375 0.205469 0.050000 0.329688
1 0.662500 0.310937 0.203125 0.215625
2 0.665625 0.046875 0.206250 0.093750
5 0.754687 0.209375 0.490625 0.418750
5 0.380469 0.736586 0.014063 0.039226
8 0.453125 0.722656 0.112500 0.251563
8 0.307812 0.709375 0.403125 0.581250
8 0.651563 0.753125 0.284375 0.459375
7 0.649219 0.865003 0.018750 0.023656
5 0.646094 0.871998 0.029687 0.053470
8 0.844531 0.967187 0.239063 0.065625
8 0.996094 0.924219 0.007812 0.026562
