5 0.259375 0.269531 0.400000 0.539062
5 0.495312 0.269531 0.268750 0.539062
4 0.243750 0.347656 0.250000 0.382812
4 0.505469 0.375000 0.248438 0.328125
1 0.492188 0.121875 0.159375 0.243750
1 0.234375 0.075000 0.131250 0.150000
2 0.667188 0.160938 0.075000 0.187500
5 0.716406 0.294531 0.173437 0.489063
4 0.189844 0.598437 0.189062 0.118750
3 0.086249 0.594746 0.053743 0.106868
5 0.299219 0.675781 0.598437 0.273438
9 0.912430 0.983119 0.034557 0.031650
9 0.871073 0.975007 0.029833 0.025345
9 0.843012 0.964397 0.034539 0.028525
8 0.751563 0.984375 0.037500 0.031250
0 0.817154 0.977978 0.022093 0.037755
4 0.826562 0.992188 0.031250 0.015625
5 0.828125 0.980469 0.059375 0.039062
