6 0.198022 0.196999 0.119759 0.174128
6 0.370312 0.360156 0.059375 0.132812
6 0.245629 0.457423 0.050509 0.087791
6 0.256862 0.508268 0.042669 0.083058
6 0.231317 0.414373 0.053698 0.098747
6 0.232825 0.539377 0.041052 0.073674
6 0.372292 0.475347 0.055187 0.086256
6 0.226179 0.337002 0.082004 0.130160
6 0.378906 0.235937 0.042188 0.181250
6 0.348305 0.515050 0.041043 0.072111
6 0.324219 0.553125 0.035937 0.071875
6 0.316406 0.565625 0.029687 0.046875
1 0.841567 0.163542 0.183503 0.119814
1 0.515881 0.043683 0.164535 0.082204
2 0.515809 0.165553 0.150309 0.053998
2 0.892188 0.057813 0.215625 0.115625
5 0.801562 0.215625 0.396875 0.431250
5 0.551562 0.038281 0.281250 0.076563
5 0.623437 0.178906 0.446875 0.357812
1 0.284375 0.787500 0.231250 0.253125
4 0.200000 0.943750 0.400000 0.112500
2 0.271094 0.632812 0.257812 0.087500
5 0.200000 0.794531 0.400000 0.410938
