3 0.189844 0.265783 0.145313 0.122003
3 0.382031 0.012551 0.021875 0.019005
5 0.081250 0.016406 0.065625 0.032813
5 0.375781 0.125000 0.142187 0.250000
5 0.239844 0.244531 0.479687 0.489063
4 0.182812 0.383594 0.365625 0.210938
4 0.375000 0.030438 0.065625 0.058576
3 0.507812 0.096875 0.056250 0.068750
7 0.578906 0.294531 0.198437 0.389062
5 0.739844 0.244531 0.520312 0.489063
1 0.206250 0.809375 0.412500 0.253125
2 0.186719 0.579688 0.373437 0.181250
5 0.239844 0.744531 0.479687 0.510938
4 0.239844 0.944531 0.479687 0.110937
5 0.848437 0.744531 0.200000 0.510938
5 0.662500 0.744531 0.228125 0.510938
5 0.520312 0.744531 0.081250 0.510938
3 0.673438 0.496094 0.053125 0.014063
4 0.503125 0.702344 0.046875 0.426563
4 0.671094 0.692419 0.165625 0.387865
4 0.849219 0.650741 0.132812 0.306233
