3 0.278112 0.373513 0.148330 0.125854
3 0.072350 0.148132 0.022111 0.020440
2 0.064874 0.109892 0.037864 0.031468
2 0.227344 0.073438 0.207813 0.146875
5 0.353718 0.089460 0.073202 0.114481
5 0.086604 0.231648 0.162757 0.291552
5 0.234375 0.339844 0.468750 0.679688
4 0.290625 0.525000 0.356250 0.309375
4 0.080354 0.164493 0.066316 0.059757
7 0.849219 0.113281 0.301563 0.226562
5 0.788281 0.339844 0.423438 0.679688
3 0.195851 0.951025 0.077253 0.059820
2 0.177473 0.848781 0.149983 0.133676
5 0.182031 0.886719 0.364063 0.226562
3 0.970313 0.835938 0.059375 0.112500
5 0.875000 0.839844 0.250000 0.320312
