3 0.280852 0.202119 0.150754 0.130560
5 0.133594 0.079687 0.167187 0.159375
5 0.279687 0.269531 0.559375 0.539062
4 0.261719 0.368750 0.414062 0.340625
6 0.779687 0.269531 0.440625 0.539062
6 0.257812 0.982812 0.053125 0.034375
7 0.849598 0.748290 0.123557 0.289772
7 0.708465 0.700592 0.087074 0.195812
0 0.883594 0.543750 0.045312 0.009375
0 0.739844 0.568750 0.045312 0.059375
5 0.690625 0.769531 0.175000 0.460938
5 0.810937 0.769531 0.321875 0.460938
9 0.853314 0.781125 0.174392 0.165072
9 0.959375 0.786719 0.081250 0.095312
