2 0.217818 0.245053 0.080560 0.075927
4 0.017188 0.231250 0.034375 0.256250
5 0.130469 0.347656 0.260937 0.342187
5 0.027344 0.235937 0.054688 0.453125
0 0.376563 0.792969 0.084375 0.092188
7 0.112500 0.938281 0.096875 0.123438
1 0.106426 0.870308 0.028616 0.042515
1 0.386304 0.883459 0.041280 0.056723
1 0.016406 0.732812 0.032813 0.037500
2 0.022357 0.561869 0.022057 0.015880
2 0.034375 0.672656 0.068750 0.070312
4 0.032031 0.809375 0.064062 0.150000
4 0.016489 0.594754 0.031668 0.036301
5 0.022656 0.603125 0.045312 0.103125
5 0.058594 0.791406 0.117188 0.314063
5 0.115625 0.898438 0.165625 0.203125
5 0.304688 0.859375 0.228125 0.281250
0 0.127737 0.821616 0.053834 0.061556
7 0.319531 0.939063 0.189062 0.121875
1 0.814063 0.624219 0.371875 0.210938
2 0.616406 0.560156 0.207813 0.082812
4 0.709375 0.846875 0.581250 0.306250
5 0.709375 0.759375 0.581250 0.481250
