1 0.186719 0.256250 0.373437 0.287500
2 0.199219 0.073438 0.398438 0.146875
5 0.300000 0.200000 0.600000 0.400000
5 0.994531 0.113281 0.010937 0.101562
2 0.960156 0.200781 0.079687 0.114062
2 0.857212 0.052840 0.037727 0.039499
2 0.830022 0.160961 0.111528 0.102853
2 0.782813 0.013281 0.034375 0.026562
2 0.604688 0.053906 0.009375 0.064062
1 0.770457 0.060099 0.033058 0.042569
1 0.708538 0.095192 0.130751 0.184322
1 0.852275 0.095863 0.026735 0.029997
1 0.803714 0.251886 0.075545 0.094623
1 0.967969 0.327344 0.064062 0.129688
4 0.782813 0.335156 0.234375 0.129688
4 0.700781 0.245312 0.201563 0.309375
4 0.771583 0.135081 0.048883 0.077126
1 0.229687 0.696094 0.459375 0.314063
2 0.216406 0.485938 0.432812 0.171875
4 0.270313 0.849219 0.540625 0.301563
5 0.300000 0.700000 0.600000 0.600000
1 0.692187 0.874219 0.184375 0.251563
1 0.872656 0.883594 0.254688 0.232813
