3 0.311658 0.321094 0.025255 0.021875
2 0.129527 0.245312 0.034720 0.029687
2 0.304945 0.281250 0.041007 0.032813
5 0.309375 0.414062 0.140625 0.312500
5 0.150612 0.378906 0.117753 0.317188
5 0.029687 0.485938 0.059375 0.290625
5 0.275781 0.390625 0.207813 0.518750
4 0.010156 0.527344 0.020313 0.117188
4 0.146098 0.393750 0.081706 0.173437
4 0.318917 0.340625 0.071058 0.064062
1 0.128419 0.284375 0.028398 0.023438
5 0.917969 0.075000 0.135937 0.150000
5 0.459375 0.268750 0.159375 0.537500
8 0.735156 0.825000 0.529687 0.350000
