6 0.418916 0.187634 0.047211 0.058085
6 0.061917 0.184242 0.029951 0.045485
3 0.971875 0.003906 0.028125 0.007812
3 0.879631 0.014928 0.021993 0.020440
3 0.783594 0.006250 0.020313 0.012500
3 0.721875 0.009375 0.025000 0.018750
3 0.646094 0.007031 0.023438 0.014063
7 0.596875 0.067187 0.034375 0.134375
7 0.642526 0.082711 0.100945 0.163082
7 0.722954 0.089274 0.077390 0.142633
7 0.682031 0.017969 0.042188 0.035937
7 0.721875 0.005469 0.062500 0.010937
7 0.777344 0.014063 0.073438 0.028125
7 0.788543 0.095142 0.072766 0.153543
7 0.837843 0.080793 0.050818 0.140916
7 0.857031 0.011719 0.026562 0.023438
7 0.879168 0.094615 0.085257 0.152053
7 0.934375 0.034375 0.050000 0.068750
7 0.957031 0.078906 0.085938 0.154688
5 0.598437 0.169531 0.037500 0.339062
5 0.608594 0.139844 0.057813 0.279687
5 0.637500 0.189062 0.112500 0.378125
5 0.675781 0.157812 0.073438 0.315625
5 0.703906 0.138281 0.054688 0.276562
5 0.716406 0.180469 0.104688 0.360938
5 0.774219 0.137500 0.095312 0.275000
5 0.782813 0.180469 0.084375 0.360938
5 0.823438 0.165625 0.071875 0.331250
5 0.857031 0.151562 0.064062 0.303125
5 0.871094 0.187500 0.107813 0.375000
5 0.923438 0.150000 0.071875 0.300000
5 0.947656 0.189844 0.104688 0.379688
5 0.985156 0.182812 0.029687 0.365625
0 0.235937 0.418750 0.087500 0.078125
3 0.202016 0.442140 0.022139 0.045440
4 0.085938 0.514062 0.171875 0.268750
5 0.130469 0.689844 0.260937 0.620313
0 0.671094 0.621094 0.182812 0.407813
5 0.759375 0.704688 0.359375 0.590625
