6 0.114844 0.564063 0.045312 0.031250
1 0.557813 0.252344 0.256250 0.251563
2 0.714844 0.053906 0.570312 0.107813
5 0.714844 0.289844 0.570312 0.579688
4 0.714844 0.468750 0.570312 0.221875
1 0.246094 0.757031 0.367188 0.195312
4 0.214844 0.882812 0.429688 0.140625
5 0.214844 0.765625 0.429688 0.371875
0 0.875000 0.800988 0.078125 0.033267
0 0.932031 0.782688 0.050000 0.028416
3 0.935937 0.806884 0.035937 0.011147
3 0.892969 0.826665 0.025000 0.014208
7 0.939063 0.864678 0.085938 0.089562
7 0.851562 0.886281 0.118750 0.116316
5 0.875000 0.890625 0.168750 0.218750
5 0.941406 0.882031 0.117188 0.235937
0 0.876563 0.643948 0.009375 0.004742
7 0.876563 0.653323 0.015625 0.012591
5 0.875000 0.657238 0.021875 0.032940
0 0.881250 0.670483 0.009375 0.004742
7 0.876563 0.681448 0.017188 0.014162
5 0.878906 0.685341 0.021875 0.034502
