3 0.068750 0.266406 0.137500 0.176563
2 0.078125 0.050000 0.156250 0.100000
4 0.179688 0.396875 0.359375 0.065625
5 0.179688 0.214844 0.359375 0.429688
0 0.701237 0.268792 0.094095 0.060466
0 0.820078 0.285799 0.138218 0.125037
3 0.735871 0.313723 0.039372 0.053580
3 0.689919 0.337405 0.051762 0.034975
4 0.771875 0.403906 0.165625 0.051562
5 0.665625 0.320312 0.443750 0.218750
5 0.599219 0.332031 0.295312 0.195312
8 0.179688 0.714844 0.359375 0.570312
7 0.143942 0.591019 0.051881 0.055287
5 0.146204 0.576984 0.050482 0.083394
5 0.482031 0.539062 0.245312 0.218750
