1 0.845333 0.170508 0.166207 0.101927
1 0.985938 0.071094 0.028125 0.079687
1 0.530980 0.089796 0.151935 0.065826
1 0.378906 0.068750 0.139063 0.075000
2 0.539683 0.205312 0.140852 0.040699
2 0.564063 0.022656 0.250000 0.045312
2 0.892969 0.056250 0.214062 0.103125
5 0.975000 0.050000 0.050000 0.100000
5 0.817187 0.197656 0.365625 0.395313
5 0.559375 0.053906 0.256250 0.107813
5 0.571875 0.182812 0.525000 0.365625
8 0.154688 0.757031 0.309375 0.385937
5 0.284368 0.678201 0.036274 0.058231
7 0.771094 0.516406 0.120313 0.214062
7 0.560937 0.510938 0.125000 0.203125
5 0.562500 0.698438 0.181250 0.578125
5 0.758594 0.703125 0.182812 0.587500
