5 0.280469 0.264844 0.298438 0.529687
4 0.332031 0.384375 0.195312 0.290625
1 0.389844 0.170313 0.079687 0.250000
1 0.597104 0.202765 0.114772 0.122539
1 0.932031 0.059375 0.135937 0.118750
3 0.696094 0.015625 0.042188 0.031250
3 0.759123 0.253387 0.075436 0.075436
2 0.780469 0.066406 0.176563 0.132812
2 0.627344 0.047656 0.126562 0.095312
4 0.793750 0.393750 0.303125 0.271875
4 0.905469 0.264844 0.189062 0.529687
4 0.576562 0.385937 0.262500 0.287500
5 0.480469 0.264844 0.101562 0.529687
5 0.672656 0.029687 0.107813 0.059375
5 0.594531 0.264844 0.329688 0.529687
5 0.765625 0.264844 0.450000 0.529687
5 0.900000 0.264844 0.200000 0.529687
8 0.232031 0.700781 0.395313 0.342187
8 0.114844 0.705469 0.229687 0.351562
8 0.714844 0.764844 0.570312 0.470313
