1 0.232941 0.215030 0.209231 0.246168
4 0.218750 0.337500 0.437500 0.203125
5 0.269531 0.219531 0.539062 0.439063
0 0.324180 0.930771 0.095885 0.099547
0 0.370565 0.845851 0.078543 0.072784
0 0.191699 0.854964 0.043995 0.042697
0 0.089787 0.930373 0.052035 0.081850
0 0.028125 0.924219 0.056250 0.089063
7 0.223438 0.950781 0.087500 0.098437
7 0.417187 0.955469 0.093750 0.089063
3 0.367753 0.899793 0.032976 0.028507
3 0.203695 0.902484 0.028289 0.028452
5 0.408594 0.901563 0.151562 0.196875
5 0.337500 0.936719 0.193750 0.126562
5 0.217188 0.911719 0.140625 0.176563
5 0.109375 0.940625 0.128125 0.118750
5 0.062500 0.938281 0.125000 0.123438
8 0.769531 0.685937 0.460938 0.493750
0 0.859268 0.638892 0.031432 0.031614
0 0.570319 0.661787 0.045567 0.044277
3 0.542188 0.687500 0.006250 0.018750
3 0.566658 0.704020 0.020431 0.020549
1 0.858678 0.671714 0.021993 0.020567
7 0.870783 0.737984 0.061601 0.114772
7 0.607624 0.762141 0.079007 0.152472
7 0.556250 0.744531 0.034375 0.120313
5 0.566406 0.815625 0.054688 0.368750
5 0.605469 0.817187 0.123438 0.365625
5 0.861649 0.779499 0.114364 0.321622
