4 0.164844 0.421875 0.329688 0.256250
5 0.264844 0.275000 0.529687 0.550000
1 0.118826 0.238089 0.202909 0.251164
2 0.146875 0.025781 0.243750 0.051562
8 0.763281 0.244531 0.467187 0.489063
2 0.785796 0.103676 0.023728 0.025136
3 0.782962 0.128695 0.017387 0.017287
4 0.782645 0.168543 0.028798 0.057976
5 0.771080 0.181892 0.067770 0.184757
9 0.309375 0.734375 0.440625 0.368750
3 0.267188 0.578906 0.121875 0.057813
4 0.051562 0.804688 0.103125 0.287500
4 0.288795 0.743939 0.358124 0.297376
7 0.075781 0.616406 0.151562 0.132812
5 0.300781 0.775000 0.457813 0.450000
5 0.092969 0.775000 0.185938 0.450000
8 0.628906 0.792969 0.198437 0.414062
9 0.765348 0.937934 0.050873 0.075291
