3 0.003125 0.566406 0.006250 0.048438
4 0.096094 0.615625 0.145313 0.328125
5 0.084375 0.725000 0.168750 0.550000
0 0.200000 0.632031 0.062500 0.076563
7 0.422656 0.824219 0.071875 0.145313
1 0.442188 0.742969 0.021875 0.037500
1 0.180469 0.717187 0.023438 0.050000
1 0.993750 0.611719 0.012500 0.023438
1 0.972656 0.590625 0.026562 0.020313
1 0.744531 0.589844 0.026562 0.023438
1 0.878906 0.650000 0.025000 0.023438
1 0.766406 0.729688 0.034375 0.032813
1 0.549219 0.628125 0.035937 0.031250
2 0.564063 0.464844 0.020313 0.012500
2 0.673438 0.471875 0.015625 0.012500
2 0.992969 0.538281 0.014063 0.017188
2 0.975781 0.553125 0.039062 0.031250
2 0.885938 0.613281 0.059375 0.045312
2 0.892188 0.545312 0.025000 0.021875
2 0.856250 0.538281 0.032813 0.026562
2 0.741406 0.537500 0.051562 0.039062
2 0.768750 0.665625 0.084375 0.064062
2 0.543750 0.567969 0.073438 0.054688
4 0.539844 0.699219 0.081250 0.131250
4 0.565625 0.496094 0.025000 0.031250
4 0.672656 0.507031 0.028125 0.034375
4 0.716406 0.651563 0.070312 0.112500
4 0.812500 0.828125 0.096875 0.187500
4 0.843750 0.616406 0.053125 0.085938
4 0.903906 0.718750 0.060937 0.139063
4 0.882031 0.586719 0.034375 0.025000
4 0.971875 0.647656 0.056250 0.085938
5 0.980469 0.771875 0.039062 0.425000
5 0.994531 0.536719 0.010937 0.026562
5 0.961719 0.743750 0.076563 0.415625
5 0.914062 0.794531 0.112500 0.410938
5 0.888281 0.561719 0.057813 0.054688
5 0.832812 0.589063 0.090625 0.135937
5 0.783594 0.813281 0.182812 0.373437
5 0.711719 0.639062 0.135937 0.246875
5 0.673438 0.529687 0.039062 0.129688
5 0.560156 0.503906 0.034375 0.095312
5 0.534375 0.682031 0.143750 0.284375
5 0.414844 0.837500 0.101562 0.325000
5 0.239844 0.789062 0.142187 0.421875
0 0.428125 0.694531 0.043750 0.053125
7 0.228125 0.864062 0.118750 0.271875
