4 0.184375 0.300000 0.368750 0.459375
5 0.184375 0.264844 0.368750 0.529687
1 0.270313 0.084375 0.196875 0.168750
5 0.575781 0.338523 0.046875 0.081523
8 0.652344 0.266406 0.548438 0.526563
5 0.101562 0.661719 0.103125 0.264062
5 0.047656 0.632812 0.092188 0.206250
5 0.184375 0.764844 0.368750 0.470313
5 0.307812 0.764844 0.121875 0.470313
2 0.225781 0.586719 0.157812 0.114062
4 0.057031 0.550000 0.048438 0.040625
4 0.117188 0.585156 0.050000 0.110937
4 0.149219 0.947656 0.267188 0.104688
1 0.345313 0.879687 0.046875 0.240625
1 0.160938 0.795123 0.139063 0.207059
8 0.726562 0.764844 0.546875 0.470313
8 0.434375 0.764844 0.131250 0.470313
