5 0.106250 0.239844 0.212500 0.479687
0 0.603226 0.121459 0.100382 0.066207
0 0.410938 0.132031 0.121875 0.079687
0 0.763669 0.171609 0.117615 0.074119
4 0.778736 0.344348 0.166698 0.185339
4 0.576810 0.280675 0.143097 0.157077
4 0.412500 0.288281 0.125000 0.154688
3 0.416948 0.196154 0.061137 0.034730
3 0.605157 0.184749 0.047093 0.037773
3 0.740586 0.232411 0.048637 0.034657
5 0.428125 0.282031 0.156250 0.395313
5 0.392969 0.239844 0.085938 0.479687
5 0.609375 0.281250 0.265625 0.396875
5 0.765625 0.304688 0.225000 0.350000
