2 0.281250 0.189844 0.265625 0.379688
5 0.239844 0.314844 0.479687 0.629687
4 0.282031 0.503125 0.395313 0.253125
1 0.274689 0.471846 0.182141 0.154179
8 0.739844 0.314844 0.520312 0.629687
5 0.538281 0.082812 0.117188 0.165625
7 0.525000 0.021875 0.090625 0.043750
7 0.883914 0.264228 0.181760 0.357295
0 0.848468 0.045692 0.078643 0.089517
5 0.814844 0.314844 0.370312 0.629687
5 0.360938 0.814844 0.237500 0.370312
1 0.846094 0.934375 0.307812 0.131250
2 0.844531 0.759375 0.310937 0.184375
5 0.739844 0.821875 0.520312 0.356250
