5 0.277344 0.209375 0.554688 0.418750
4 0.270313 0.208594 0.356250 0.417187
1 0.803906 0.258594 0.348438 0.320312
5 0.814844 0.209375 0.370312 0.418750
7 0.427159 0.520209 0.163600 0.190953
0 0.542969 0.472656 0.067187 0.107813
3 0.516935 0.507444 0.022202 0.056505
5 0.448437 0.653125 0.265625 0.468750
0 0.994531 0.510938 0.010937 0.021875
0 0.962692 0.487697 0.037736 0.041061
0 0.970313 0.540625 0.059375 0.071875
0 0.911593 0.567984 0.018886 0.023656
0 0.890436 0.557292 0.010992 0.009502
7 0.893692 0.579912 0.012664 0.028270
0 0.874802 0.555911 0.023574 0.023710
0 0.834072 0.538415 0.029842 0.026908
0 0.774011 0.555522 0.022011 0.023692
0 0.731092 0.564615 0.020440 0.022111
0 0.679503 0.560528 0.036092 0.026981
0 0.646094 0.570312 0.032813 0.037500
7 0.657813 0.700000 0.056250 0.146875
7 0.683114 0.644085 0.060002 0.108503
7 0.733114 0.643503 0.056777 0.091280
7 0.775279 0.639106 0.031841 0.101926
7 0.832260 0.629849 0.056886 0.110030
7 0.872876 0.627814 0.045858 0.094277
7 0.908041 0.628967 0.034839 0.080087
7 0.996094 0.584375 0.007812 0.078125
7 0.943016 0.597308 0.047620 0.128670
7 0.969531 0.729688 0.060937 0.240625
3 0.998437 0.535937 0.003125 0.012500
3 0.996875 0.590625 0.006250 0.028125
3 0.913274 0.588279 0.007867 0.009466
3 0.875737 0.582465 0.012573 0.012645
3 0.834245 0.568103 0.018832 0.014281
1 0.771018 0.578214 0.007931 0.020403
3 0.732019 0.589606 0.015707 0.014244
3 0.685935 0.591705 0.012591 0.015770
3 0.652418 0.605377 0.014181 0.020476
5 0.665625 0.703125 0.071875 0.306250
5 0.682619 0.693313 0.059521 0.294423
5 0.735671 0.680195 0.063991 0.256977
5 0.764573 0.679077 0.073466 0.274274
5 0.837198 0.672763 0.067352 0.297639
5 0.890527 0.572917 0.017424 0.040825
5 0.876219 0.665277 0.054543 0.244368
5 0.909777 0.658636 0.038709 0.208249
5 0.951360 0.688623 0.074448 0.443024
5 0.994531 0.571875 0.010937 0.150000
5 0.966406 0.750781 0.067187 0.498437
