5 0.200000 0.300000 0.400000 0.600000
9 0.963281 0.095054 0.045312 0.042715
9 0.848437 0.158561 0.065625 0.050764
9 0.845313 0.130400 0.042188 0.036428
9 0.870313 0.147097 0.051562 0.049037
9 0.763281 0.192727 0.057813 0.053798
6 0.536719 0.316653 0.020313 0.015861
9 0.622656 0.245778 0.059375 0.056941
8 0.762500 0.478906 0.343750 0.242188
5 0.118750 0.717683 0.112500 0.227872
4 0.125000 0.668537 0.035937 0.053543
0 0.113281 0.621525 0.025000 0.029978
3 0.113281 0.642619 0.006250 0.009448
0 0.760938 0.762087 0.028125 0.028452
5 0.764062 0.767592 0.031250 0.037864
4 0.421094 0.604688 0.010937 0.009375
4 0.424219 0.614844 0.023438 0.029687
