5 0.084375 0.239844 0.168750 0.479687
4 0.084375 0.315625 0.168750 0.328125
1 0.084375 0.103906 0.168750 0.207813
0 0.318750 0.028906 0.271875 0.057813
3 0.352309 0.086576 0.119532 0.068569
4 0.346094 0.263281 0.354687 0.364063
5 0.505469 0.239844 0.673438 0.479687
5 0.084375 0.739844 0.168750 0.520312
8 0.818750 0.539062 0.140625 0.118750
8 0.612550 0.619998 0.110720 0.116898
8 0.483417 0.598967 0.062101 0.100709
9 0.205229 0.657440 0.041280 0.056723
9 0.492101 0.539701 0.028525 0.034702
9 0.425767 0.545178 0.033212 0.034757
9 0.394690 0.559658 0.022130 0.022130
9 0.294717 0.560839 0.059793 0.036628
9 0.384825 0.584540 0.037973 0.041061
