4 0.420312 0.587500 0.078125 0.037500
5 0.415625 0.589844 0.090625 0.042188
5 0.475781 0.784375 0.167187 0.431250
5 0.345313 0.784375 0.343750 0.431250
5 0.216406 0.784375 0.298438 0.431250
5 0.010156 0.602344 0.020313 0.067187
5 0.103125 0.784375 0.206250 0.431250
4 0.061719 0.628906 0.095312 0.120313
4 0.212500 0.646875 0.140625 0.156250
4 0.327344 0.646094 0.160938 0.154688
4 0.497656 0.660156 0.123438 0.182812
5 0.040625 0.784375 0.081250 0.431250
6 0.706507 0.796690 0.033076 0.045694
9 0.824219 0.784375 0.351562 0.431250
3 0.594531 0.584375 0.051562 0.031250
7 0.640625 0.784375 0.162500 0.431250
5 0.660937 0.784375 0.203125 0.431250
