7 0.183594 0.947656 0.367188 0.104688
3 0.126341 0.862892 0.141134 0.088318
0 0.104688 0.732031 0.209375 0.126562
5 0.200000 0.834375 0.400000 0.331250
2 0.490625 0.921094 0.178125 0.157812
0 0.675000 0.752344 0.140625 0.167187
2 0.927344 0.735938 0.120313 0.134375
3 0.706115 0.872735 0.081659 0.070785
3 0.934912 0.855317 0.072220 0.059793
4 0.925000 0.909375 0.150000 0.181250
4 0.721875 0.947656 0.221875 0.104688
5 0.545312 0.914844 0.290625 0.170313
5 0.707031 0.834375 0.342187 0.331250
5 0.892969 0.834375 0.214062 0.331250
