8 0.717969 0.210938 0.457813 0.421875
4 0.039062 0.891406 0.078125 0.217188
4 0.088281 0.896875 0.095312 0.206250
4 0.145064 0.869853 0.110348 0.167824
4 0.255316 0.885618 0.140235 0.202372
4 0.424219 0.839063 0.129688 0.321875
5 0.244531 0.858594 0.167187 0.282813
5 0.388281 0.775000 0.201563 0.450000
1 0.480469 0.697656 0.017188 0.082812
1 0.020313 0.780469 0.040625 0.054688
1 0.054007 0.796161 0.029978 0.050173
1 0.092289 0.795939 0.039299 0.040852
1 0.139086 0.782385 0.042415 0.039308
1 0.243806 0.787244 0.044005 0.044005
2 0.248961 0.733306 0.043932 0.031505
2 0.129393 0.727752 0.050173 0.029978
2 0.079466 0.740543 0.048619 0.031532
2 0.015625 0.711719 0.031250 0.042188
6 0.802344 0.638281 0.229687 0.176563
2 0.981250 0.722656 0.037500 0.110937
5 0.862500 0.775781 0.275000 0.448437
