4 0.110937 0.141406 0.146875 0.282813
5 0.177344 0.294531 0.354687 0.589063
1 0.785156 0.268750 0.429688 0.331250
2 0.771875 0.057031 0.456250 0.114062
4 0.729688 0.464062 0.540625 0.250000
5 0.729688 0.294531 0.540625 0.589063
1 0.139844 0.869531 0.279687 0.260937
2 0.103125 0.669531 0.206250 0.160938
5 0.229687 0.794531 0.459375 0.410938
0 0.467969 0.702344 0.017188 0.057813
0 0.684732 0.664844 0.096058 0.064062
3 0.469531 0.739844 0.020313 0.026562
3 0.692999 0.703906 0.040916 0.025000
7 0.721270 0.783594 0.148948 0.178125
7 0.496875 0.838281 0.075000 0.195312
5 0.519531 0.834375 0.120313 0.331250
5 0.743750 0.810937 0.231250 0.378125
