4 0.096875 0.316406 0.193750 0.245312
5 0.170313 0.219531 0.340625 0.439063
2 0.516257 0.370784 0.071167 0.073847
5 0.567969 0.379688 0.260937 0.118750
9 0.046094 0.676562 0.092188 0.159375
9 0.203402 0.627024 0.109012 0.103752
7 0.113786 0.608015 0.146932 0.274274
3 0.086719 0.460938 0.039062 0.043750
5 0.128906 0.719531 0.257812 0.560937
6 0.971094 0.960938 0.057813 0.078125
6 0.873672 0.676597 0.011283 0.029751
7 0.987807 0.602500 0.006359 0.009411
7 0.978469 0.599430 0.011174 0.020376
2 0.879931 0.608596 0.006359 0.009411
2 0.929250 0.599716 0.006359 0.009411
2 0.975498 0.586167 0.004778 0.007840
5 0.882121 0.621864 0.019277 0.045422
5 0.929922 0.609087 0.016007 0.032903
5 0.976961 0.594751 0.012827 0.028198
5 0.987826 0.600938 0.007976 0.014108
4 0.882811 0.629672 0.012773 0.023510
4 0.930649 0.613770 0.011174 0.020376
