0 0.295312 0.066406 0.146875 0.132812
7 0.292187 0.405469 0.175000 0.289062
7 0.109375 0.275000 0.218750 0.550000
3 0.055469 0.010156 0.082812 0.020313
3 0.298998 0.241641 0.083376 0.097357
5 0.212500 0.275000 0.334375 0.550000
5 0.141406 0.275000 0.282813 0.550000
9 0.036719 0.746094 0.073438 0.082812
8 0.703125 0.651563 0.271875 0.203125
8 0.565625 0.745313 0.371875 0.390625
0 0.707288 0.618520 0.004715 0.004715
7 0.710517 0.636507 0.006368 0.020349
5 0.710558 0.643538 0.012827 0.056323
9 0.715986 0.636539 0.037791 0.050218
8 0.758019 0.610222 0.039299 0.040852
8 0.811262 0.630844 0.048737 0.051844
8 0.865109 0.621001 0.030015 0.056423
8 0.885431 0.622682 0.037845 0.059593
8 0.913529 0.618158 0.039462 0.068977
8 0.944792 0.620683 0.050400 0.069041
8 0.986719 0.607031 0.026562 0.092188
8 0.996094 0.618750 0.007812 0.078125
