0 0.384896 0.280469 0.144315 0.182812
7 0.157031 0.394531 0.267188 0.629687
7 0.346094 0.621875 0.226562 0.175000
3 0.388023 0.482031 0.077508 0.081250
3 0.158314 0.077344 0.083794 0.084375
5 0.086719 0.391406 0.173437 0.635938
5 0.173437 0.354687 0.346875 0.709375
5 0.353906 0.450781 0.210938 0.517188
5 0.989062 0.117188 0.021875 0.090625
0 0.978125 0.045312 0.043750 0.090625
5 0.978906 0.304688 0.042188 0.609375
8 0.582031 0.219531 0.245312 0.439063
5 0.146875 0.796094 0.096875 0.173437
5 0.062500 0.854688 0.125000 0.290625
7 0.810156 0.825781 0.142187 0.232813
5 0.860156 0.854688 0.239063 0.290625
