3 0.235308 0.094379 0.207195 0.163700
4 0.225000 0.284375 0.450000 0.268750
5 0.225000 0.209375 0.450000 0.418750
3 0.561675 0.303915 0.036092 0.026772
3 0.613800 0.266110 0.023556 0.020449
3 0.683441 0.284456 0.029833 0.025173
3 0.725606 0.280304 0.025127 0.022020
3 0.782828 0.312785 0.025136 0.023583
3 0.805220 0.267340 0.018877 0.021984
3 0.839745 0.292922 0.023565 0.022011
3 0.898816 0.240233 0.026690 0.022030
3 0.887506 0.310613 0.023565 0.022011
3 0.972340 0.254649 0.021993 0.020440
3 0.954762 0.321941 0.025145 0.025145
3 0.995313 0.292969 0.009375 0.023438
0 0.993750 0.252344 0.012500 0.042188
0 0.976041 0.219470 0.034584 0.036137
0 0.959962 0.275816 0.040870 0.042424
0 0.900156 0.201942 0.036147 0.036147
0 0.888828 0.269198 0.040880 0.043986
0 0.844201 0.253051 0.039299 0.040852
0 0.803412 0.225162 0.037727 0.039281
0 0.781774 0.265914 0.042451 0.045558
0 0.729248 0.234969 0.042424 0.040870
0 0.686284 0.236000 0.048719 0.048719
0 0.618220 0.219989 0.048728 0.050282
0 0.564445 0.242959 0.058140 0.056586
7 0.944531 0.374219 0.089063 0.089063
7 0.985938 0.324219 0.028125 0.067187
7 0.956960 0.296927 0.069095 0.059775
7 0.896004 0.294157 0.083358 0.094232
7 0.872656 0.371094 0.085938 0.095312
7 0.820312 0.364844 0.062500 0.107813
7 0.807001 0.304831 0.031477 0.039244
7 0.773438 0.367188 0.100000 0.103125
7 0.721182 0.325644 0.058303 0.084711
7 0.674219 0.353125 0.129688 0.131250
7 0.614844 0.346094 0.092188 0.145313
7 0.542969 0.353906 0.154688 0.129688
5 0.971875 0.324219 0.056250 0.189062
5 0.964063 0.309375 0.071875 0.218750
5 0.939063 0.336719 0.121875 0.164062
5 0.888281 0.300000 0.117188 0.237500
5 0.871094 0.331250 0.107813 0.175000
5 0.828906 0.325000 0.092188 0.187500
5 0.796094 0.311719 0.082812 0.214062
5 0.773438 0.329688 0.131250 0.178125
5 0.723437 0.314063 0.093750 0.209375
5 0.672656 0.312500 0.167187 0.212500
5 0.615625 0.304688 0.125000 0.228125
5 0.548438 0.314063 0.196875 0.209375
8 0.100000 0.709375 0.200000 0.581250
8 0.725000 0.646875 0.550000 0.456250
