2 0.186719 0.416406 0.055469 0.046094
2 0.312500 0.371875 0.046875 0.049219
2 0.404687 0.342969 0.057031 0.046094
2 0.495312 0.504687 0.046094 0.051562
0 0.553125 0.326562 0.070312 0.074219
0 0.739844 0.310156 0.053906 0.074219
0 0.857812 0.338281 0.061719 0.069531
3 0.860156 0.441406 0.041406 0.053906
3 0.735938 0.410938 0.039062 0.039844
3 0.556250 0.421875 0.038281 0.046875
3 0.404687 0.445312 0.030469 0.042969
3 0.313281 0.480469 0.039844 0.048438
3 0.192969 0.526563 0.036719 0.044531
4 0.185938 0.721875 0.109375 0.300000
4 0.307812 0.664062 0.099219 0.304688
4 0.405469 0.628906 0.096875 0.294531
4 0.508594 0.761719 0.114062 0.319531
7 0.558594 0.594531 0.117969 0.318750
7 0.739844 0.583594 0.117969 0.305469
7 0.870313 0.628125 0.124219 0.335156
5 0.187500 0.696875 0.167969 0.606250
5 0.307812 0.673438 0.148438 0.653125
5 0.410938 0.658594 0.141406 0.682813
5 0.506250 0.735938 0.147656 0.528125
5 0.572656 0.642969 0.156250 0.714063
5 0.738281 0.634375 0.132812 0.731250
5 0.868750 0.645312 0.150000 0.709375
9 0.960156 0.542188 0.079687 0.146875
9 0.992969 0.586719 0.014063 0.107813
