7 0.489844 0.589844 0.089063 0.186719
7 0.674219 0.607031 0.109375 0.207813
7 0.067969 0.700000 0.135937 0.325000
2 0.044531 0.461719 0.087500 0.085156
2 0.109375 0.461719 0.064844 0.053125
3 0.119531 0.496875 0.041406 0.027344
3 0.059375 0.514844 0.049219 0.045312
3 0.492188 0.482812 0.034375 0.031250
3 0.669531 0.482812 0.039844 0.031250
0 0.675000 0.428906 0.064062 0.048438
0 0.493750 0.433594 0.050000 0.043750
4 0.115625 0.606250 0.067969 0.153125
5 0.142969 0.687500 0.134375 0.515625
5 0.065625 0.709375 0.131250 0.581250
5 0.484375 0.681250 0.101562 0.539062
5 0.671875 0.700781 0.146875 0.598437
