0 0.157944 0.064844 0.089626 0.096875
3 0.153347 0.183594 0.055042 0.060937
3 0.381250 0.285938 0.015625 0.059375
4 0.364844 0.432031 0.048438 0.276562
7 0.137500 0.390625 0.212500 0.418750
5 0.159375 0.305469 0.318750 0.589063
5 0.322656 0.344531 0.132812 0.510938
3 0.408952 0.164844 0.023692 0.043750
3 0.546819 0.235937 0.015807 0.031250
7 0.406250 0.319531 0.034375 0.304688
0 0.534747 0.162500 0.056841 0.101562
0 0.414062 0.082031 0.050000 0.085938
7 0.571983 0.342187 0.118878 0.290625
5 0.416406 0.316406 0.054688 0.567187
5 0.563281 0.356250 0.151562 0.487500
8 0.194531 0.800000 0.389062 0.400000
6 0.754490 0.719531 0.026799 0.040625
9 0.574219 0.800000 0.370312 0.400000
7 0.866406 0.764062 0.198437 0.328125
5 0.864844 0.800000 0.217188 0.400000
