3 0.065372 0.283835 0.087764 0.046331
3 0.352344 0.250000 0.032813 0.046875
0 0.338281 0.141406 0.060937 0.101562
0 0.082031 0.182812 0.164062 0.096875
7 0.110156 0.434375 0.220312 0.268750
7 0.291406 0.421094 0.154688 0.295312
5 0.125781 0.340625 0.251563 0.456250
5 0.265625 0.322656 0.206250 0.492188
8 0.755469 0.322656 0.489063 0.492188
8 0.535156 0.417187 0.332813 0.303125
3 0.121036 0.795890 0.098692 0.044895
2 0.160535 0.736052 0.130015 0.057759
4 0.121875 0.892969 0.243750 0.214062
5 0.184375 0.842969 0.368750 0.314063
