3 0.290967 0.180785 0.081486 0.041098
3 0.020313 0.213281 0.040625 0.032813
3 0.575000 0.118750 0.068750 0.040625
0 0.556250 0.029687 0.106250 0.059375
0 0.289636 0.086258 0.166116 0.085339
0 0.028125 0.131250 0.056250 0.078125
7 0.064062 0.382812 0.128125 0.284375
7 0.295782 0.337012 0.304679 0.268951
7 0.529687 0.303906 0.159375 0.320312
5 0.081250 0.400000 0.162500 0.637500
5 0.285156 0.373437 0.389062 0.690625
5 0.514062 0.359375 0.190625 0.718750
8 0.804688 0.413281 0.390625 0.479687
5 0.780825 0.446564 0.055442 0.130006
1 0.159375 0.968750 0.268750 0.062500
