0 0.028125 0.152344 0.056250 0.098437
0 0.281363 0.083405 0.089626 0.097393
3 0.274427 0.201410 0.056605 0.061265
3 0.023438 0.281250 0.046875 0.059375
7 0.267969 0.282813 0.217188 0.171875
5 0.410156 0.212500 0.179688 0.312500
5 0.242188 0.196875 0.340625 0.343750
5 0.072656 0.226562 0.145313 0.284375
8 0.792188 0.049219 0.140625 0.098437
8 0.701562 0.284375 0.271875 0.168750
1 0.237500 0.604688 0.475000 0.234375
2 0.179688 0.458594 0.359375 0.067187
4 0.250000 0.900781 0.500000 0.198437
5 0.250000 0.701562 0.500000 0.596875
6 0.685937 0.684375 0.371875 0.631250
4 0.868750 0.958594 0.253125 0.082812
3 0.843793 0.840237 0.127381 0.141361
2 0.864365 0.526846 0.171476 0.200991
5 0.750000 0.708594 0.500000 0.582812
