3 0.259375 0.181448 0.087500 0.048947
0 0.273438 0.083710 0.176563 0.102590
7 0.035937 0.339062 0.071875 0.315625
7 0.238281 0.341727 0.334375 0.303508
5 0.057031 0.292187 0.114062 0.553125
5 0.219531 0.288281 0.439063 0.560937
5 0.377344 0.284375 0.123438 0.568750
0 0.992969 0.096094 0.014063 0.017188
5 0.979688 0.173437 0.040625 0.175000
7 0.682031 0.181163 0.034375 0.064262
7 0.560937 0.293586 0.031250 0.045494
7 0.514844 0.308698 0.037500 0.068968
7 0.535937 0.361700 0.039062 0.070540
0 0.520312 0.256322 0.018750 0.021984
0 0.565625 0.251371 0.020313 0.025118
0 0.689063 0.128778 0.018750 0.023547
5 0.679688 0.210864 0.056250 0.195640
5 0.556250 0.331113 0.051562 0.187800
5 0.532813 0.392968 0.076563 0.189508
5 0.507812 0.343114 0.062500 0.201926
8 0.219531 0.784375 0.439063 0.431250
5 0.086719 0.836931 0.025000 0.057958
7 0.086719 0.840838 0.018750 0.034484
8 0.719531 0.747656 0.560937 0.357812
