7 0.343750 0.085156 0.212500 0.170313
7 0.122656 0.100781 0.245312 0.201563
5 0.328906 0.250000 0.242188 0.500000
5 0.149219 0.250000 0.298438 0.500000
6 0.914578 0.331070 0.101818 0.156832
6 0.777285 0.148262 0.127400 0.206977
6 0.651563 0.070312 0.175000 0.140625
6 0.971094 0.404687 0.057813 0.121875
1 0.389844 0.756250 0.120313 0.221875
2 0.350781 0.571875 0.198437 0.143750
5 0.064062 0.787500 0.128125 0.425000
5 0.225000 0.750000 0.450000 0.500000
4 0.828906 0.558594 0.342187 0.117188
5 0.748437 0.732812 0.503125 0.465625
