7 0.436719 0.242969 0.326562 0.485938
5 0.300000 0.279687 0.600000 0.559375
8 0.800000 0.279687 0.400000 0.559375
8 0.745313 0.306250 0.290625 0.384375
8 0.543750 0.918750 0.112500 0.162500
8 0.992969 0.633594 0.014063 0.057813
8 0.956688 0.632284 0.036292 0.061147
8 0.936412 0.638652 0.044123 0.064317
8 0.906729 0.639606 0.047311 0.075273
8 0.874744 0.647605 0.058249 0.075336
8 0.820024 0.642455 0.049010 0.098719
8 0.805271 0.658166 0.045794 0.083076
8 0.778745 0.664571 0.039490 0.073665
9 0.705467 0.692342 0.077181 0.106695
9 0.631330 0.706836 0.044450 0.120567
