0 0.293871 0.247353 0.169260 0.180070
4 0.390625 0.520312 0.218750 0.259375
5 0.296875 0.388281 0.406250 0.523438
3 0.343890 0.382727 0.082068 0.071258
0 0.582551 0.150725 0.033267 0.039444
0 0.873694 0.124677 0.034884 0.044150
7 0.881579 0.198033 0.054234 0.095931
3 0.879517 0.155083 0.014262 0.017351
5 0.891518 0.246362 0.111249 0.296567
3 0.588402 0.183473 0.014281 0.018914
7 0.596087 0.239642 0.065535 0.127308
5 0.603591 0.280185 0.119152 0.304470
1 0.221875 0.792969 0.443750 0.285938
4 0.250000 0.849219 0.500000 0.301563
5 0.250000 0.825000 0.500000 0.350000
