0 0.222656 0.023438 0.170313 0.046875
4 0.117188 0.336719 0.234375 0.464062
5 0.210938 0.294531 0.421875 0.589063
3 0.173197 0.093580 0.082068 0.070785
4 0.980469 0.088281 0.039062 0.176563
4 0.950781 0.078906 0.098437 0.157812
4 0.894531 0.053125 0.114062 0.106250
4 0.781250 0.071094 0.146875 0.142187
4 0.592187 0.079687 0.165625 0.159375
7 0.922656 0.336719 0.154688 0.251563
7 0.702344 0.382031 0.245312 0.414062
1 0.640929 0.282683 0.023965 0.045449
0 0.636868 0.228804 0.055524 0.072193
0 0.523438 0.184375 0.028125 0.103125
7 0.558594 0.433594 0.098437 0.310937
5 0.608770 0.360990 0.119625 0.344423
5 0.576562 0.360156 0.134375 0.457813
5 0.754687 0.381250 0.350000 0.415625
5 0.895312 0.401562 0.209375 0.375000
5 0.789844 0.078906 0.173437 0.157812
5 0.628906 0.085156 0.239063 0.170313
8 0.254688 0.831250 0.509375 0.337500
5 0.203022 0.866095 0.016134 0.043841
3 0.918750 0.635938 0.162500 0.093750
7 0.746875 0.794531 0.475000 0.410938
5 0.754687 0.794531 0.490625 0.410938
