4 0.042969 0.368750 0.085938 0.340625
4 0.352815 0.312167 0.267434 0.314028
3 0.284193 0.156726 0.094023 0.047966
0 0.307272 0.083806 0.210002 0.110249
5 0.124219 0.285156 0.248438 0.507812
5 0.332813 0.276562 0.412500 0.525000
8 0.769531 0.269531 0.460938 0.539062
8 0.607812 0.321875 0.137500 0.434375
5 0.957025 0.119252 0.041143 0.089535
8 0.269531 0.769531 0.539062 0.460938
8 0.769531 0.769531 0.460938 0.460938
8 0.756131 0.618037 0.099147 0.123020
8 0.785559 0.662222 0.130942 0.217134
8 0.837500 0.650000 0.137500 0.221875
8 0.883594 0.648438 0.126562 0.218750
8 0.975781 0.636719 0.048438 0.185938
