0 0.144531 0.357812 0.027344 0.042969
0 0.169531 0.339844 0.043750 0.053125
0 0.304688 0.267969 0.085156 0.091406
0 0.419531 0.285938 0.081250 0.078906
0 0.374219 0.371875 0.026562 0.028906
0 0.463281 0.354687 0.031250 0.032813
0 0.515625 0.360938 0.032813 0.036719
0 0.647656 0.361719 0.034375 0.035156
0 0.668750 0.381250 0.019531 0.035156
3 0.667969 0.400000 0.008594 0.012500
3 0.639844 0.387500 0.008594 0.014844
3 0.511719 0.390625 0.014844 0.017188
3 0.168750 0.382031 0.021875 0.023438
3 0.145313 0.388281 0.013281 0.013281
3 0.304688 0.346875 0.043750 0.042188
3 0.421875 0.367188 0.038281 0.042188
3 0.695312 0.402344 0.010937 0.010937
5 0.667969 0.478906 0.018750 0.223438
5 0.648438 0.500000 0.044531 0.307031
5 0.699219 0.489844 0.056250 0.264062
0 0.689844 0.376563 0.031250 0.037500
0 0.967969 0.328906 0.045312 0.046094
7 0.958594 0.450781 0.078906 0.150000
5 0.958594 0.513281 0.082812 0.419531
5 0.524219 0.499219 0.054688 0.315625
5 0.482812 0.503125 0.076563 0.326562
5 0.373437 0.375000 0.028906 0.041406
5 0.131250 0.504687 0.069531 0.340625
5 0.183594 0.543750 0.075000 0.453906
5 0.267969 0.609375 0.188281 0.781250
5 0.429688 0.621094 0.165625 0.757812
7 0.707812 0.442969 0.039844 0.092188
7 0.650000 0.445312 0.046094 0.119531
7 0.522656 0.448437 0.043750 0.113281
7 0.431250 0.534375 0.167187 0.337500
7 0.480469 0.417969 0.056250 0.075781
7 0.265625 0.487500 0.189062 0.312500
7 0.185156 0.450000 0.064844 0.162500
7 0.134375 0.428906 0.057813 0.117188
