5 0.119531 0.209375 0.239063 0.418750
5 0.066406 0.245312 0.132812 0.346875
1 0.216406 0.103906 0.045312 0.151562
4 0.149219 0.267188 0.179688 0.303125
4 0.053906 0.332813 0.107813 0.171875
1 0.818750 0.089844 0.362500 0.179688
4 0.651563 0.245312 0.696875 0.346875
5 0.619531 0.209375 0.760938 0.418750
3 0.123804 0.733341 0.037700 0.034593
3 0.063671 0.729784 0.028280 0.026726
3 0.015828 0.762093 0.028289 0.028289
0 0.116305 0.679480 0.059702 0.056595
0 0.060814 0.683709 0.047148 0.047148
0 0.019531 0.714844 0.039062 0.051562
7 0.149785 0.833186 0.165335 0.219704
7 0.070379 0.785212 0.078616 0.084830
7 0.050000 0.853906 0.100000 0.198437
5 0.135156 0.818750 0.207813 0.362500
5 0.086719 0.828906 0.135937 0.342187
5 0.075000 0.839844 0.150000 0.320312
5 0.028125 0.839063 0.056250 0.321875
7 0.672656 0.732812 0.489063 0.534375
3 0.565625 0.460156 0.137500 0.082812
5 0.619531 0.709375 0.760938 0.581250
