2 0.281707 0.023091 0.036374 0.037709
2 0.296242 0.130826 0.107377 0.097493
2 0.199219 0.013281 0.032813 0.026562
2 0.017188 0.140625 0.034375 0.040625
2 0.039039 0.117478 0.041352 0.062736
1 0.003906 0.169531 0.007812 0.023438
1 0.205571 0.060255 0.031723 0.040807
1 0.161649 0.112858 0.125492 0.177281
1 0.292345 0.064438 0.025327 0.028270
1 0.305110 0.221406 0.071367 0.091034
4 0.190625 0.203906 0.381250 0.151562
4 0.233697 0.127284 0.047730 0.073710
5 0.353125 0.656250 0.112500 0.687500
5 0.243750 0.700000 0.309375 0.600000
5 0.117969 0.711719 0.235937 0.576562
3 0.024219 0.571094 0.048438 0.054688
3 0.183996 0.527655 0.056886 0.055015
3 0.343507 0.471254 0.050600 0.051853
2 0.358594 0.371094 0.101562 0.092188
2 0.168161 0.442585 0.067842 0.056641
2 0.022656 0.474219 0.045312 0.073438
4 0.085156 0.773438 0.170313 0.390625
4 0.221897 0.696196 0.170751 0.307223
4 0.370312 0.671875 0.078125 0.393750
8 0.608594 0.457813 0.398438 0.356250
7 0.962500 0.389062 0.075000 0.218750
5 0.935937 0.465625 0.128125 0.371875
