5 0.160938 0.200000 0.256250 0.400000
8 0.632031 0.139063 0.685937 0.278125
0 0.157031 0.419818 0.029687 0.033158
0 0.067969 0.404687 0.035937 0.009375
0 0.016406 0.406250 0.032813 0.012500
3 0.015625 0.422079 0.017188 0.018950
3 0.230469 0.412500 0.048438 0.025000
3 0.109375 0.416406 0.043750 0.032813
5 0.017969 0.547656 0.035937 0.295312
5 0.044531 0.556250 0.089063 0.312500
5 0.157812 0.422952 0.034375 0.045712
5 0.196875 0.700000 0.184375 0.600000
5 0.099219 0.700000 0.198437 0.600000
7 0.012500 0.479687 0.025000 0.121875
7 0.092188 0.579688 0.184375 0.359375
7 0.044531 0.455228 0.065625 0.083576
7 0.215625 0.560937 0.146875 0.321875
3 0.503125 0.439844 0.156250 0.079687
7 0.410938 0.700000 0.243750 0.600000
5 0.568750 0.700000 0.559375 0.600000
