1 0.449219 0.098437 0.160938 0.196875
4 0.385937 0.368750 0.287500 0.400000
5 0.292187 0.284375 0.475000 0.568750
9 0.764844 0.284375 0.470313 0.568750
0 0.334375 0.639844 0.143750 0.142187
7 0.124219 0.784375 0.248438 0.431250
7 0.328906 0.932031 0.279687 0.135937
3 0.341066 0.816356 0.077490 0.080578
5 0.068750 0.784375 0.137500 0.431250
5 0.153906 0.784375 0.307812 0.431250
5 0.364844 0.784375 0.329688 0.431250
8 0.842969 0.848437 0.314063 0.303125
7 0.880938 0.933654 0.025345 0.029978
5 0.873089 0.930620 0.042660 0.041116
