1 0.296875 0.296875 0.165625 0.278125
2 0.295312 0.046094 0.168750 0.092188
4 0.194531 0.453906 0.370312 0.110937
5 0.189844 0.254688 0.379688 0.509375
7 0.643750 0.128125 0.128125 0.256250
7 0.435937 0.112500 0.112500 0.225000
5 0.449219 0.254688 0.139063 0.509375
5 0.644531 0.254688 0.185938 0.509375
5 0.081250 0.754687 0.162500 0.490625
5 0.201563 0.754687 0.193750 0.490625
4 0.187500 0.674219 0.121875 0.329688
4 0.071094 0.707812 0.142187 0.396875
8 0.689844 0.780469 0.620313 0.439063
0 0.719294 0.651858 0.029842 0.026908
7 0.720507 0.712032 0.072184 0.053961
5 0.707298 0.699378 0.105378 0.119968
