4 0.154688 0.431250 0.309375 0.237500
5 0.154688 0.275000 0.309375 0.550000
3 0.215625 0.234375 0.187500 0.371875
1 0.892969 0.075000 0.214062 0.150000
1 0.337500 0.160156 0.056250 0.207813
4 0.403125 0.419531 0.187500 0.260937
4 0.830469 0.353906 0.339062 0.392188
5 0.446875 0.275000 0.275000 0.550000
5 0.703125 0.275000 0.593750 0.550000
3 0.214844 0.588860 0.042188 0.070558
7 0.211719 0.790404 0.167187 0.330660
5 0.196875 0.775000 0.225000 0.450000
8 0.654687 0.807031 0.690625 0.385937
0 0.517188 0.744778 0.031250 0.028307
7 0.522656 0.803403 0.075000 0.056686
5 0.534375 0.789409 0.110937 0.125645
