4 0.209375 0.255469 0.418750 0.367188
5 0.209375 0.219531 0.418750 0.439063
3 0.096875 0.121094 0.193750 0.242188
3 0.003125 0.750781 0.006250 0.023438
3 0.020661 0.711852 0.020440 0.022111
3 0.049408 0.738859 0.023565 0.022148
3 0.109019 0.697543 0.026699 0.023747
3 0.090687 0.760252 0.025127 0.022166
3 0.173736 0.718664 0.022002 0.022130
3 0.149953 0.778312 0.026708 0.025309
3 0.198504 0.758217 0.023574 0.023710
3 0.276756 0.735433 0.025145 0.025291
3 0.414844 0.804688 0.007812 0.025000
3 0.373136 0.819462 0.028289 0.028452
3 0.310836 0.785814 0.031395 0.025364
3 0.225666 0.789148 0.026717 0.026872
0 0.386667 0.776338 0.051853 0.050600
0 0.320443 0.745861 0.044005 0.044259
0 0.284006 0.697851 0.036165 0.039481
0 0.235318 0.741383 0.044005 0.044259
0 0.206530 0.721407 0.037745 0.042624
0 0.182516 0.686533 0.034584 0.036337
0 0.159569 0.736796 0.042433 0.042678
0 0.115474 0.662314 0.036147 0.036356
0 0.097151 0.723461 0.040880 0.044223
0 0.058202 0.704384 0.039299 0.041080
0 0.024004 0.674315 0.037727 0.039499
0 0.010156 0.708594 0.020313 0.045312
7 0.396875 0.858594 0.043750 0.082812
7 0.352344 0.905469 0.132812 0.189062
7 0.293989 0.861786 0.122820 0.163918
7 0.272609 0.776884 0.067587 0.069532
7 0.211926 0.868209 0.124465 0.177999
7 0.129963 0.857445 0.097757 0.152690
7 0.188965 0.786451 0.051944 0.066225
7 0.155554 0.755592 0.069105 0.061737
7 0.100144 0.746081 0.086483 0.094750
7 0.065169 0.849606 0.096258 0.163609
7 0.028125 0.824219 0.056250 0.145313
7 0.017331 0.747044 0.031477 0.039426
7 0.014844 0.829688 0.029687 0.162500
5 0.373437 0.867969 0.090625 0.264062
5 0.327344 0.870313 0.182812 0.259375
5 0.279687 0.857031 0.178125 0.285938
5 0.249219 0.837500 0.132812 0.325000
5 0.197656 0.855469 0.179688 0.289062
5 0.167969 0.847656 0.132812 0.304688
5 0.147656 0.834375 0.114062 0.331250
5 0.120313 0.856250 0.168750 0.287500
5 0.079687 0.819531 0.153125 0.360938
5 0.064844 0.847656 0.129688 0.304688
5 0.043750 0.839844 0.087500 0.320312
5 0.027344 0.826562 0.054688 0.346875
5 0.026562 0.840625 0.053125 0.318750
3 0.628836 0.810125 0.204116 0.172676
0 0.696875 0.560937 0.434375 0.243750
4 0.622656 0.915625 0.407813 0.168750
5 0.709375 0.719531 0.581250 0.560937
