5 0.151562 0.110937 0.228125 0.221875
5 0.342187 0.142969 0.134375 0.285938
6 0.022656 0.539062 0.045312 0.409375
3 0.132638 0.953722 0.077008 0.077008
2 0.154304 0.783278 0.117833 0.111619
5 0.150000 0.842187 0.300000 0.315625
6 0.544824 0.648473 0.056877 0.108140
6 0.761561 0.569866 0.031614 0.062682
6 0.880988 0.551201 0.019014 0.045422
6 0.931719 0.542312 0.014272 0.036019
6 0.644823 0.513511 0.011101 0.028189
6 0.572144 0.510028 0.012664 0.028198
6 0.511956 0.504909 0.007958 0.025045
6 0.686170 0.503114 0.011074 0.023501
6 0.963728 0.538220 0.011074 0.023501
9 0.704688 0.800781 0.590625 0.398438
