4 0.105469 0.159375 0.210938 0.318750
5 0.225000 0.284375 0.450000 0.568750
8 0.753125 0.339844 0.493750 0.364063
0 0.879687 0.564063 0.050000 0.009375
0 0.925711 0.444520 0.007840 0.004733
7 0.925661 0.453113 0.015698 0.012591
5 0.927982 0.457033 0.022057 0.031377
0 0.922441 0.469502 0.009402 0.004742
7 0.927850 0.479690 0.015707 0.014153
5 0.925488 0.482801 0.022066 0.032940
2 0.368750 0.864844 0.162500 0.120313
5 0.225000 0.889844 0.450000 0.220312
3 0.811719 0.943750 0.195312 0.112500
0 0.792969 0.687500 0.407813 0.237500
5 0.725000 0.784375 0.550000 0.431250
