1 0.482031 0.290625 0.267188 0.196875
2 0.496875 0.079687 0.278125 0.159375
5 0.385156 0.194531 0.529687 0.389062
5 0.153906 0.194531 0.307812 0.389062
5 0.825000 0.194531 0.350000 0.389062
2 0.606826 0.447007 0.065916 0.050764
2 0.181250 0.414844 0.071875 0.051562
1 0.155895 0.467543 0.029933 0.042533
1 0.228550 0.737157 0.080015 0.057177
1 0.622832 0.515948 0.036256 0.055106
4 0.126375 0.707060 0.203853 0.396095
4 0.588117 0.574142 0.077135 0.099328
5 0.184375 0.459375 0.106250 0.140625
5 0.217188 0.735938 0.434375 0.528125
5 0.446094 0.694531 0.407813 0.610938
5 0.590625 0.524219 0.118750 0.220312
2 0.240392 0.581815 0.136965 0.178144
