1 0.067187 0.203125 0.034375 0.040625
1 0.164062 0.192969 0.036719 0.043750
1 0.288281 0.241406 0.036719 0.036719
1 0.219531 0.249219 0.021094 0.021094
1 0.438281 0.153125 0.039062 0.057813
1 0.553125 0.181250 0.042188 0.069531
1 0.712500 0.196875 0.053125 0.066406
1 0.956250 0.119531 0.050000 0.084375
1 0.625000 0.249219 0.020313 0.017969
1 0.593750 0.231250 0.018750 0.011719
2 0.595313 0.203125 0.023438 0.018750
2 0.628125 0.200781 0.029687 0.029687
4 0.621875 0.302344 0.053125 0.127344
5 0.594531 0.214062 0.027344 0.050781
5 0.622656 0.278125 0.053906 0.183594
5 0.711719 0.544531 0.154688 0.910937
5 0.507812 0.524219 0.172656 0.905469
5 0.395313 0.454688 0.150000 0.783594
5 0.215625 0.271875 0.024219 0.096094
5 0.271094 0.460938 0.108594 0.620313
5 0.904687 0.500000 0.165625 1.000000
4 0.908594 0.357812 0.121094 0.369531
2 0.941406 0.038281 0.077344 0.074219
2 0.060937 0.157031 0.041406 0.032031
2 0.152344 0.142187 0.042969 0.028906
4 0.064062 0.331250 0.075781 0.188281
4 0.157031 0.316406 0.091406 0.206250
4 0.268750 0.314063 0.070312 0.129688
4 0.415625 0.314844 0.091406 0.248438
4 0.525000 0.337500 0.114062 0.239063
4 0.704688 0.378906 0.112500 0.278906
5 0.055469 0.410156 0.110937 0.538281
5 0.147656 0.427344 0.128125 0.603906
