1 0.079687 0.354687 0.159375 0.090625
4 0.375781 0.284375 0.285938 0.231250
1 0.403540 0.182537 0.070467 0.026972
5 0.369531 0.279687 0.298438 0.240625
5 0.214844 0.276562 0.429688 0.246875
2 0.138281 0.223438 0.276562 0.121875
6 0.931438 0.367812 0.029933 0.042360
9 0.740625 0.200000 0.443750 0.400000
5 0.951562 0.200000 0.096875 0.400000
3 0.397036 0.471904 0.080115 0.073901
3 0.495312 0.456250 0.046875 0.112500
4 0.385899 0.706352 0.248076 0.476427
4 0.484375 0.655469 0.068750 0.439063
5 0.412500 0.752344 0.212500 0.495312
5 0.321875 0.700000 0.393750 0.600000
5 0.372656 0.700000 0.292187 0.600000
8 0.759375 0.700000 0.481250 0.600000
8 0.912500 0.763281 0.175000 0.473438
0 0.718847 0.502320 0.017287 0.017287
3 0.717412 0.524204 0.011028 0.015689
7 0.719161 0.556226 0.034720 0.059575
5 0.718370 0.554668 0.050727 0.125291
