1 0.033594 0.393750 0.067187 0.112500
4 0.332031 0.267188 0.435937 0.365625
1 0.243860 0.127374 0.070494 0.031659
5 0.325000 0.258594 0.450000 0.382812
5 0.171875 0.296875 0.343750 0.306250
2 0.069531 0.240625 0.139063 0.143750
8 0.744531 0.234375 0.389062 0.418750
0 0.706250 0.446094 0.050000 0.007812
0 0.734509 0.325892 0.007840 0.004733
7 0.736117 0.333714 0.015707 0.014153
5 0.738483 0.337634 0.025191 0.032958
0 0.735431 0.350116 0.009402 0.004742
7 0.740954 0.359523 0.017278 0.015725
5 0.739410 0.362638 0.025200 0.034520
2 0.448984 0.798432 0.064390 0.056623
2 0.314477 0.774994 0.056586 0.058140
2 0.216744 0.761144 0.065961 0.058194
2 0.155289 0.940468 0.055042 0.061256
0 0.064459 0.770414 0.084884 0.087991
3 0.079081 0.866590 0.047193 0.054960
3 0.235312 0.864374 0.037782 0.048656
3 0.333082 0.884473 0.048765 0.056532
3 0.463701 0.911013 0.045612 0.051826
4 0.371875 0.952344 0.156250 0.095312
4 0.267969 0.946094 0.151562 0.107813
7 0.107813 0.934375 0.178125 0.131250
5 0.454688 0.878906 0.190625 0.242188
5 0.373437 0.867969 0.265625 0.264062
5 0.266406 0.861719 0.264062 0.276562
5 0.121094 0.859375 0.242188 0.281250
8 0.690625 0.643750 0.281250 0.387500
