1 0.357031 0.339844 0.085938 0.126562
4 0.116406 0.342187 0.232813 0.425000
1 0.073062 0.138179 0.068895 0.025800
4 0.275000 0.454688 0.250000 0.165625
5 0.121875 0.338281 0.243750 0.442188
5 0.222656 0.331250 0.354687 0.421875
2 0.300000 0.185156 0.200000 0.114062
6 0.925410 0.075157 0.027035 0.081559
6 0.968750 0.013281 0.015625 0.026562
6 0.785358 0.309615 0.061974 0.178834
9 0.859375 0.447656 0.281250 0.223438
8 0.200000 0.779687 0.400000 0.440625
4 0.885552 0.616547 0.072484 0.105524
5 0.914062 0.693750 0.159375 0.268750
