1 0.272786 0.462134 0.181941 0.119804
1 0.505469 0.371094 0.048438 0.082812
1 0.428287 0.323191 0.102081 0.089653
2 0.019531 0.563281 0.039062 0.054688
2 0.038281 0.343750 0.076563 0.125000
2 0.316518 0.331134 0.272620 0.129707
2 0.384247 0.238557 0.138000 0.086737
2 0.493750 0.222656 0.071875 0.107813
5 0.492969 0.343750 0.073438 0.346875
5 0.424676 0.272387 0.172857 0.169750
5 0.285156 0.435156 0.489063 0.407813
5 0.041406 0.371875 0.082812 0.200000
5 0.135937 0.432812 0.271875 0.412500
4 0.721875 0.071875 0.384375 0.143750
5 0.764844 0.259375 0.470313 0.518750
8 0.264844 0.819531 0.529687 0.360938
8 0.764844 0.819531 0.470313 0.360938
