1 0.198403 0.177324 0.159902 0.091552
1 0.039844 0.067187 0.079687 0.071875
1 0.489844 0.119531 0.098437 0.057813
2 0.482812 0.231250 0.112500 0.031250
2 0.452344 0.032813 0.173437 0.065625
2 0.140695 0.061250 0.247375 0.087374
2 0.066406 0.007812 0.120313 0.015625
5 0.052344 0.045312 0.104688 0.090625
5 0.196875 0.169531 0.393750 0.320312
5 0.453125 0.064062 0.171875 0.128125
5 0.381250 0.164844 0.315625 0.329688
4 0.822656 0.164844 0.285938 0.329688
5 0.800000 0.164844 0.400000 0.329688
6 0.330434 0.675710 0.030269 0.100173
6 0.489637 0.645096 0.023865 0.073574
6 0.195950 0.523363 0.011165 0.039126
6 0.081011 0.507625 0.009584 0.035992
6 0.425733 0.538433 0.009566 0.032867
6 0.342121 0.535794 0.009575 0.034430
6 0.336566 0.520982 0.006395 0.025036
6 0.260748 0.515173 0.007985 0.029733
6 0.138015 0.502605 0.007967 0.026608
6 0.527227 0.526123 0.006350 0.017224
6 0.011719 0.770312 0.023438 0.168750
6 0.043397 0.488312 0.008003 0.032858
6 0.365463 0.519251 0.007976 0.028170
6 0.499089 0.523943 0.007949 0.023483
6 0.026904 0.473563 0.006341 0.015661
6 0.051187 0.484360 0.006377 0.021911
6 0.059008 0.485877 0.006368 0.020349
6 0.111379 0.490260 0.006368 0.020349
6 0.131715 0.494048 0.006368 0.020349
6 0.187211 0.498413 0.006377 0.021911
6 0.231765 0.502060 0.006350 0.017224
6 0.241916 0.501220 0.006350 0.017224
6 0.224661 0.489601 0.004769 0.014090
6 0.252018 0.491785 0.004751 0.010965
6 0.282569 0.505671 0.004797 0.018777
6 0.295841 0.504031 0.006359 0.018786
6 0.331006 0.505389 0.004787 0.017215
6 0.315331 0.496886 0.004760 0.012527
6 0.341966 0.509231 0.006368 0.020349
6 0.383414 0.516022 0.006386 0.023474
6 0.394346 0.515177 0.007940 0.021920
6 0.272331 0.491667 0.004760 0.012527
6 0.410744 0.513519 0.007958 0.025045
6 0.416190 0.509581 0.006359 0.018786
6 0.444360 0.517230 0.006368 0.020349
6 0.471822 0.537383 0.007976 0.028170
6 0.534254 0.525301 0.004787 0.017215
6 0.536719 0.521875 0.004687 0.015625
1 0.770312 0.619531 0.459375 0.217188
2 0.707031 0.408594 0.335938 0.148438
4 0.769531 0.871875 0.460938 0.256250
5 0.769531 0.664844 0.460938 0.670312
