5 0.197223 0.217969 0.038009 0.087500
8 0.322656 0.239844 0.314063 0.479687
8 0.242188 0.214844 0.306250 0.429688
8 0.705469 0.239844 0.451562 0.479687
8 0.797656 0.384375 0.404687 0.190625
3 0.131940 0.551562 0.047048 0.029687
3 0.323559 0.783594 0.043923 0.029687
4 0.051562 0.570312 0.103125 0.162500
4 0.351969 0.868750 0.158676 0.148438
0 0.372133 0.760156 0.125364 0.062500
2 0.176648 0.521094 0.081586 0.057813
5 0.108594 0.664062 0.217188 0.368750
5 0.245312 0.850781 0.409375 0.298438
7 0.988474 0.867969 0.022193 0.054688
2 0.991100 0.819531 0.015725 0.017188
5 0.964063 0.891406 0.071875 0.173437
8 0.764062 0.739844 0.471875 0.520312
9 0.487500 0.512500 0.015625 0.053125
9 0.591155 0.541406 0.059684 0.053125
