8 0.304688 0.264844 0.609375 0.529687
8 0.353125 0.264844 0.671875 0.529687
5 0.532031 0.323437 0.314063 0.412500
4 0.873437 0.419531 0.253125 0.220312
5 0.844531 0.264844 0.310937 0.529687
1 0.073438 0.800000 0.146875 0.400000
1 0.291956 0.815666 0.289247 0.287702
1 0.531591 0.794906 0.267426 0.292135
0 0.724219 0.653125 0.070312 0.109375
0 0.817969 0.568750 0.079687 0.078125
3 0.830443 0.644563 0.026981 0.036247
3 0.725874 0.723134 0.020694 0.033049
7 0.745313 0.839844 0.112500 0.301563
7 0.912500 0.772656 0.175000 0.320312
5 0.887500 0.764844 0.225000 0.470313
5 0.789844 0.795312 0.201563 0.409375
