0 0.507812 0.042969 0.053125 0.085938
0 0.675781 0.035156 0.026562 0.067187
0 0.636240 0.152344 0.020785 0.040625
0 0.301266 0.235156 0.027053 0.042188
0 0.181061 0.042969 0.017497 0.026562
0 0.451630 0.266406 0.020712 0.034375
4 0.464512 0.299219 0.020949 0.054688
4 0.298805 0.292187 0.046258 0.081250
4 0.164047 0.125000 0.035520 0.098437
4 0.530499 0.196094 0.081851 0.185938
4 0.647033 0.207031 0.016134 0.043750
5 0.458898 0.286719 0.038373 0.075000
5 0.301966 0.295312 0.076927 0.165625
5 0.168590 0.179688 0.058106 0.293750
3 0.183024 0.077344 0.011156 0.018750
3 0.300940 0.274219 0.012700 0.017188
3 0.514537 0.100000 0.023783 0.029687
3 0.681250 0.109375 0.015625 0.040625
5 0.516406 0.308594 0.139063 0.617188
5 0.639838 0.192969 0.035793 0.121875
5 0.652344 0.325000 0.073438 0.650000
7 0.664844 0.234375 0.048438 0.268750
8 0.344531 0.825000 0.689063 0.350000
5 0.803906 0.769531 0.229687 0.239063
5 0.911719 0.894531 0.176563 0.210938
