3 0.454688 0.112500 0.050000 0.140625
7 0.378906 0.300000 0.201563 0.300000
5 0.334375 0.225000 0.290625 0.450000
6 0.542969 0.223438 0.126562 0.215625
6 0.892188 0.027344 0.050000 0.054688
6 0.845313 0.040813 0.045312 0.058340
6 0.773438 0.053258 0.062500 0.086665
6 0.733594 0.066076 0.073438 0.093042
6 0.696094 0.087515 0.101562 0.099619
6 0.642969 0.138459 0.151562 0.143951
6 0.934375 0.011719 0.043750 0.023438
6 0.966406 0.011719 0.029687 0.023438
6 0.987500 0.010156 0.025000 0.020313
8 0.317188 0.562500 0.325000 0.225000
2 0.827344 0.611719 0.345313 0.117188
3 0.835938 0.850781 0.328125 0.179688
5 0.739844 0.767188 0.520312 0.465625
