4 0.184375 0.346169 0.146875 0.310229
3 0.158594 0.199144 0.034375 0.047075
2 0.161719 0.092130 0.103125 0.155287
5 0.185938 0.327344 0.284375 0.623437
4 0.983594 0.101562 0.032813 0.203125
4 0.933594 0.081085 0.084375 0.158303
4 0.826562 0.118744 0.107813 0.189690
4 0.612500 0.132812 0.146875 0.265625
4 0.421094 0.135937 0.064062 0.271875
7 0.825000 0.455469 0.156250 0.367188
1 0.739062 0.380734 0.015625 0.043841
0 0.724219 0.328304 0.043750 0.064317
0 0.575781 0.312597 0.075000 0.091061
7 0.620313 0.527344 0.187500 0.223438
5 0.723437 0.462675 0.051562 0.337800
5 0.622656 0.453906 0.192188 0.370312
5 0.876563 0.454688 0.246875 0.368750
5 0.829688 0.113281 0.118750 0.226562
5 0.449219 0.135937 0.120313 0.271875
5 0.614844 0.134375 0.229687 0.268750
1 0.533594 0.009375 0.064062 0.018750
1 0.971875 0.007031 0.034375 0.014063
1 0.921875 0.003906 0.037500 0.007812
1 0.817187 0.017969 0.037500 0.035937
5 0.329688 0.862500 0.118750 0.275000
3 0.786719 0.647656 0.192188 0.017188
4 0.874219 0.842969 0.251563 0.314063
5 0.712500 0.819531 0.575000 0.360938
