8 0.260156 0.130469 0.520312 0.260937
8 0.284375 0.264844 0.568750 0.529687
5 0.433594 0.214062 0.270313 0.428125
0 0.957812 0.028125 0.084375 0.056250
3 0.956219 0.119374 0.055006 0.055006
3 0.686479 0.085004 0.058176 0.062836
7 0.678906 0.300000 0.220312 0.440625
4 0.924219 0.325781 0.151562 0.407813
5 0.861719 0.264844 0.276562 0.529687
5 0.700000 0.264844 0.262500 0.529687
3 0.542969 0.575781 0.051562 0.092188
4 0.485156 0.799219 0.167187 0.401562
5 0.446094 0.764844 0.245312 0.470313
2 0.722656 0.737500 0.307812 0.234375
5 0.784375 0.807031 0.431250 0.385937
