3 0.311399 0.234173 0.017387 0.034475
0 0.348372 0.190636 0.082150 0.155160
7 0.245312 0.168750 0.175000 0.200000
7 0.626563 0.134375 0.046875 0.268750
5 0.250000 0.166406 0.275000 0.204687
8 0.825000 0.110937 0.350000 0.221875
8 0.878125 0.175781 0.243750 0.185938
2 0.750780 0.025911 0.014162 0.017269
7 0.726484 0.039051 0.029924 0.040798
5 0.733483 0.044561 0.048810 0.064344
8 0.325000 0.602344 0.650000 0.667188
8 0.796875 0.400000 0.281250 0.262500
5 0.840583 0.459591 0.018914 0.028234
8 0.818750 0.566406 0.337500 0.595313
