5 0.279194 0.193790 0.047439 0.097420
8 0.041406 0.229687 0.082812 0.118750
8 0.278906 0.215625 0.464062 0.431250
5 0.816781 0.387751 0.019005 0.043968
8 0.549219 0.282031 0.039062 0.039062
8 0.724219 0.378906 0.389062 0.201563
8 0.938620 0.382919 0.061492 0.096022
4 0.874407 0.356392 0.004751 0.010992
5 0.873640 0.358727 0.007940 0.021966
4 0.368750 0.919531 0.103125 0.160938
3 0.392943 0.867737 0.029942 0.044095
3 0.286719 0.983594 0.020313 0.032813
2 0.273662 0.909315 0.081859 0.105633
2 0.401146 0.800650 0.050345 0.059957
5 0.362500 0.882031 0.146875 0.235937
5 0.255469 0.925000 0.201563 0.150000
8 0.317969 0.776563 0.423438 0.446875
8 0.764844 0.829688 0.470313 0.340625
0 0.828573 0.894879 0.025155 0.026853
3 0.824003 0.915137 0.012573 0.012645
4 0.820206 0.933842 0.031459 0.036301
5 0.822445 0.915900 0.039481 0.072330
