8 0.525000 0.378125 0.150000 0.103125
0 0.088281 0.035871 0.020313 0.033049
5 0.087500 0.046818 0.045312 0.078652
4 0.082812 0.028122 0.023438 0.040898
0 0.553125 0.106243 0.010937 0.015752
7 0.546875 0.135222 0.021875 0.039317
5 0.545312 0.152428 0.039062 0.111392
3 0.550781 0.118771 0.006250 0.006323
8 0.642188 0.280469 0.084375 0.195312
8 0.800000 0.203125 0.400000 0.406250
9 0.543750 0.822304 0.035937 0.037918
9 0.487500 0.816708 0.046875 0.067733
9 0.389062 0.667854 0.045312 0.034902
1 0.868750 0.646054 0.171875 0.264500
4 0.763281 0.882031 0.326562 0.235937
5 0.800000 0.714844 0.400000 0.570312
