9 0.505469 0.408594 0.048438 0.282813
9 0.160156 0.373437 0.320312 0.353125
7 0.414844 0.421875 0.229687 0.256250
5 0.407813 0.314844 0.243750 0.470313
3 0.436847 0.281250 0.062882 0.065625
0 0.444627 0.141406 0.119495 0.128125
0 0.897276 0.139063 0.029951 0.045312
0 0.871390 0.121094 0.047202 0.056250
0 0.729602 0.055469 0.092751 0.096875
0 0.613341 0.080469 0.087991 0.084375
0 0.664614 0.164844 0.028307 0.031250
0 0.573130 0.151562 0.034584 0.035937
0 0.534375 0.161719 0.009375 0.039062
3 0.532031 0.190625 0.004687 0.018750
3 0.873203 0.164062 0.023583 0.025000
3 0.897458 0.170313 0.014144 0.014063
3 0.733977 0.135937 0.047139 0.045312
3 0.616167 0.163281 0.040889 0.045312
5 0.542969 0.300781 0.026562 0.323437
5 0.569531 0.302344 0.079687 0.335938
5 0.665413 0.167969 0.031505 0.043750
5 0.919233 0.287500 0.091099 0.350000
5 0.867188 0.323437 0.103125 0.453125
5 0.785937 0.275000 0.237500 0.550000
5 0.628906 0.291406 0.198437 0.517188
7 0.536719 0.250781 0.014063 0.117188
7 0.620313 0.332813 0.181250 0.350000
7 0.559375 0.216406 0.059375 0.079687
7 0.781674 0.277344 0.209721 0.328125
7 0.861112 0.234375 0.074419 0.168750
7 0.911752 0.210156 0.064772 0.121875
6 0.521094 0.579688 0.017188 0.040625
9 0.264844 0.775000 0.529687 0.450000
6 0.703906 0.575000 0.032813 0.050000
