5 0.096875 0.452344 0.193750 0.154688
5 0.156250 0.414062 0.153125 0.231250
4 0.155657 0.417017 0.064708 0.111310
4 0.067969 0.489844 0.070312 0.079687
4 0.021875 0.445312 0.043750 0.168750
3 0.172558 0.367698 0.023556 0.020449
3 0.105839 0.448558 0.012582 0.014135
0 0.183259 0.327009 0.040889 0.045549
0 0.103313 0.417321 0.055078 0.067506
0 0.020313 0.292187 0.040625 0.081250
6 0.525079 0.103673 0.058331 0.089399
6 0.714010 0.079917 0.031586 0.057994
6 0.863374 0.104049 0.028361 0.040789
6 0.990625 0.158594 0.018750 0.039062
6 0.962542 0.094878 0.014217 0.026644
6 0.931129 0.066935 0.014199 0.023519
6 0.949865 0.064482 0.007912 0.017233
9 0.680469 0.303906 0.482812 0.451562
9 0.960662 0.040200 0.037764 0.045531
6 0.009375 0.717969 0.018750 0.073438
6 0.264782 0.735863 0.030024 0.057985
6 0.396150 0.755412 0.025273 0.047020
9 0.213281 0.864062 0.426563 0.271875
4 0.118437 0.559364 0.014217 0.026644
5 0.116153 0.569534 0.026990 0.073592
6 0.509375 0.789844 0.140625 0.420312
4 0.814844 0.617969 0.370312 0.176563
5 0.652344 0.726562 0.357812 0.393750
5 0.746094 0.764844 0.507812 0.470313
5 0.882031 0.764844 0.235937 0.470313
