8 0.245312 0.314844 0.187500 0.329688
8 0.150781 0.239844 0.301563 0.479687
8 0.787500 0.251563 0.425000 0.456250
8 0.800781 0.089063 0.398438 0.178125
8 0.169531 0.739844 0.339062 0.520312
8 0.628125 0.671875 0.578125 0.384375
0 0.538197 0.601930 0.029851 0.028298
0 0.824144 0.598704 0.042424 0.040870
0 0.864814 0.590655 0.029887 0.034548
0 0.903264 0.561526 0.042442 0.043995
0 0.996875 0.589063 0.006250 0.034375
3 0.914773 0.597395 0.012582 0.014135
3 0.859159 0.622718 0.017297 0.018850
3 0.830930 0.640850 0.018868 0.020422
1 0.540364 0.632385 0.020422 0.018868
7 0.533718 0.700390 0.053770 0.111247
7 0.794642 0.701216 0.069595 0.145712
7 0.854917 0.680553 0.047548 0.115898
7 0.902637 0.669338 0.066352 0.125382
7 0.985156 0.723437 0.029687 0.078125
5 0.990625 0.740625 0.018750 0.418750
5 0.979688 0.745313 0.040625 0.346875
5 0.904558 0.741981 0.083632 0.409848
5 0.851360 0.754790 0.055289 0.372184
5 0.799707 0.770715 0.094442 0.388036
5 0.545201 0.740947 0.090890 0.314581
