5 0.475000 0.061719 0.096875 0.123438
8 0.794531 0.259375 0.410938 0.518750
5 0.619531 0.025781 0.060937 0.051562
8 0.206250 0.788281 0.334375 0.423438
8 0.251695 0.916063 0.098493 0.139626
8 0.035156 0.904687 0.070312 0.125000
0 0.750516 0.696647 0.148311 0.124292
0 0.910481 0.779305 0.156724 0.175900
0 0.644531 0.814844 0.110937 0.117188
0 0.857918 0.865542 0.174965 0.132259
0 0.923438 0.967969 0.153125 0.064062
5 0.835938 0.559375 0.171875 0.081250
5 0.825825 0.669648 0.169606 0.208785
4 0.816141 0.696265 0.128126 0.135111
2 0.796892 0.604977 0.078598 0.041080
4 0.838281 0.554688 0.154688 0.071875
0 0.771094 0.543750 0.151562 0.050000
5 0.779687 0.540625 0.165625 0.043750
5 0.677344 0.546875 0.120313 0.056250
5 0.651434 0.685506 0.111320 0.167824
4 0.644366 0.688672 0.092061 0.123965
4 0.667969 0.526563 0.092188 0.015625
0 0.939063 0.528906 0.121875 0.020313
5 0.900000 0.833594 0.200000 0.295312
0 0.759945 0.759088 0.193552 0.252672
0 0.679688 0.875000 0.181250 0.250000
4 0.748171 0.831027 0.126400 0.121040
4 0.657813 0.932031 0.137500 0.126562
4 0.958073 0.851679 0.081397 0.147339
4 0.778906 0.957031 0.182812 0.085938
5 0.923438 0.965625 0.153125 0.068750
5 0.816406 0.894531 0.257812 0.210938
