5 0.222319 0.185158 0.007967 0.026608
8 0.215269 0.188324 0.070958 0.111347
9 0.182302 0.215077 0.026799 0.040780
9 0.139997 0.235635 0.052017 0.078425
7 0.204895 0.225883 0.009493 0.020367
5 0.204840 0.235258 0.011265 0.056314
8 0.040625 0.394531 0.081250 0.229687
8 0.100000 0.254688 0.200000 0.509375
8 0.346842 0.132092 0.022120 0.042315
9 0.280595 0.105134 0.011037 0.017251
9 0.301743 0.095637 0.004742 0.009402
9 0.301666 0.108918 0.011028 0.015689
9 0.300004 0.126114 0.015734 0.018841
9 0.289030 0.132428 0.015761 0.023528
9 0.276452 0.145782 0.017333 0.025100
9 0.260096 0.137284 0.015743 0.020403
5 0.660937 0.254688 0.603125 0.509375
4 0.643750 0.437500 0.415625 0.143750
2 0.725781 0.068750 0.226562 0.137500
1 0.684509 0.339215 0.187110 0.202644
6 0.328906 0.799219 0.060937 0.401562
2 0.128906 0.985156 0.117188 0.029687
8 0.679688 0.754687 0.640625 0.490625
5 0.436719 0.580469 0.154688 0.142187
7 0.789062 0.806250 0.190625 0.387500
0 0.781090 0.564478 0.083367 0.095794
5 0.723437 0.754687 0.425000 0.490625
