3 0.288871 0.144933 0.017451 0.045412
3 0.424454 0.205080 0.031450 0.034557
0 0.432744 0.123003 0.067669 0.083203
0 0.290066 0.073835 0.075618 0.106686
7 0.241873 0.300670 0.140899 0.316434
7 0.428437 0.326146 0.134367 0.267960
5 0.219531 0.294531 0.232813 0.570312
5 0.407031 0.328125 0.214062 0.503125
8 0.775000 0.289844 0.450000 0.579688
4 0.275000 0.802344 0.550000 0.395313
5 0.275000 0.789844 0.550000 0.420312
1 0.685156 0.639844 0.270313 0.120313
4 0.775000 0.824219 0.450000 0.351562
5 0.775000 0.789844 0.450000 0.420312
