8 0.271875 0.235830 0.229687 0.248211
8 0.415625 0.184375 0.387500 0.368750
5 0.405469 0.170982 0.040625 0.064299
0 0.705469 0.046094 0.157812 0.092188
7 0.875000 0.184375 0.250000 0.368750
7 0.716406 0.295312 0.214062 0.146875
3 0.681250 0.189763 0.082812 0.086419
5 0.921875 0.184375 0.156250 0.368750
5 0.839063 0.184375 0.321875 0.368750
5 0.726562 0.184375 0.234375 0.368750
8 0.164062 0.605469 0.328125 0.473438
8 0.310937 0.757812 0.521875 0.484375
7 0.748437 0.501563 0.278125 0.265625
5 0.804688 0.684375 0.390625 0.631250
