3 0.031250 0.419202 0.014063 0.028289
0 0.046875 0.411208 0.025000 0.047166
0 0.253125 0.055683 0.031250 0.042551
7 0.017969 0.416406 0.035937 0.067187
7 0.249219 0.127604 0.048438 0.092751
3 0.249219 0.086197 0.012500 0.015770
5 0.242188 0.175342 0.095312 0.288609
4 0.865625 0.221875 0.268750 0.356250
4 0.491406 0.149219 0.279687 0.298438
3 0.901563 0.029809 0.101562 0.058994
3 0.571094 0.010156 0.092188 0.020313
5 0.770312 0.225000 0.459375 0.450000
5 0.517969 0.225000 0.417187 0.450000
1 0.154688 0.869531 0.309375 0.260937
2 0.154688 0.699219 0.309375 0.232813
5 0.154688 0.770312 0.309375 0.459375
