7 0.052344 0.482031 0.021875 0.051562
5 0.652344 0.410938 0.016406 0.075781
7 0.650000 0.397656 0.010937 0.032813
0 0.656250 0.378125 0.007031 0.010156
5 0.048438 0.494531 0.033594 0.114062
6 0.061719 0.536719 0.006250 0.035156
9 0.195312 0.194531 0.009375 0.010937
8 0.204687 0.211719 0.020313 0.030469
9 0.254688 0.191406 0.004687 0.007031
9 0.260937 0.193750 0.007812 0.008594
9 0.257812 0.206250 0.009375 0.017188
9 0.263281 0.213281 0.011719 0.016406
9 0.278906 0.196094 0.007031 0.010937
9 0.282031 0.202344 0.009375 0.014063
9 0.276562 0.225000 0.012500 0.018750
0 0.050781 0.445312 0.011719 0.014844
8 0.518750 0.524219 0.159375 0.278906
8 0.538281 0.506250 0.638281 0.771875
5 0.684375 0.645312 0.053125 0.085938
4 0.701562 0.648438 0.014844 0.035156
