7 0.476562 0.175000 0.159375 0.350000
5 0.508594 0.175000 0.242188 0.350000
0 0.510021 0.646875 0.031532 0.048438
0 0.483341 0.626563 0.050345 0.059375
0 0.338328 0.543750 0.095912 0.103125
0 0.212637 0.559375 0.091143 0.089063
0 0.259281 0.653906 0.029878 0.032813
0 0.163060 0.632031 0.036156 0.037500
0 0.107619 0.636719 0.036174 0.040625
3 0.110153 0.669531 0.017297 0.018750
3 0.482046 0.672656 0.025155 0.026562
3 0.507092 0.680469 0.014144 0.014063
3 0.335703 0.629687 0.048710 0.046875
3 0.207678 0.646875 0.044023 0.046875
5 0.092866 0.786719 0.073884 0.345313
5 0.138211 0.792188 0.097394 0.357812
5 0.260081 0.657031 0.033085 0.046875
5 0.518766 0.807031 0.091226 0.371875
5 0.460156 0.799219 0.101562 0.401562
5 0.367969 0.743750 0.235937 0.512500
5 0.191406 0.753906 0.210938 0.492188
7 0.096450 0.731250 0.052290 0.125000
7 0.191406 0.820312 0.198437 0.359375
7 0.143143 0.700000 0.064553 0.084375
7 0.373317 0.783594 0.217634 0.345313
7 0.462161 0.746094 0.077608 0.179688
7 0.517507 0.725000 0.067942 0.129688
