7 0.050160 0.384375 0.025545 0.046875
5 0.066076 0.426563 0.080525 0.206250
8 0.200000 0.344531 0.400000 0.689063
6 0.595255 0.123438 0.025655 0.056250
6 0.727605 0.096094 0.022420 0.046875
6 0.859445 0.112500 0.020822 0.043750
6 0.958246 0.148438 0.025582 0.050000
6 0.974219 0.353125 0.051562 0.137500
9 0.632812 0.431250 0.465625 0.515625
5 0.404687 0.025000 0.009375 0.050000
4 0.282813 0.752344 0.234375 0.126562
5 0.254688 0.844531 0.290625 0.310937
6 0.994238 0.860938 0.004960 0.023438
6 0.974815 0.851562 0.008085 0.023438
6 0.969383 0.848437 0.008085 0.023438
6 0.958109 0.944531 0.025618 0.053125
6 0.905469 0.975000 0.045312 0.050000
6 0.882701 0.845313 0.012809 0.026562
6 0.874779 0.854688 0.016007 0.032813
6 0.793693 0.840625 0.019150 0.034375
6 0.654794 0.826562 0.022384 0.043750
6 0.517130 0.840625 0.025618 0.053125
6 0.811971 0.814063 0.011210 0.023438
9 0.590625 0.946094 0.381250 0.107813
6 0.755975 0.792188 0.011174 0.020313
6 0.721010 0.775781 0.009593 0.018750
9 0.744021 0.745313 0.033322 0.043750
