9 0.078906 0.742969 0.029687 0.032031
9 0.128906 0.741406 0.038281 0.057813
9 0.229687 0.614062 0.039062 0.028125
9 0.660937 0.580469 0.030469 0.026562
9 0.700781 0.576562 0.025781 0.022656
9 0.728125 0.568750 0.031250 0.024219
8 0.813281 0.600000 0.030469 0.037500
9 0.982031 0.590625 0.035937 0.037500
0 0.752344 0.583594 0.018750 0.034375
0 0.737500 0.661719 0.019531 0.035937
4 0.738281 0.620313 0.025000 0.060937
4 0.732812 0.721875 0.022656 0.075000
5 0.736719 0.635938 0.043750 0.136719
5 0.726562 0.774219 0.057031 0.260937
3 0.736719 0.686719 0.009375 0.008594
