8 0.689063 0.194531 0.559375 0.389062
8 0.839063 0.255469 0.321875 0.267188
1 0.260937 0.651563 0.296875 0.262500
4 0.204687 0.872656 0.409375 0.254688
5 0.204687 0.694531 0.409375 0.610938
8 0.656250 0.834375 0.296875 0.331250
8 0.558594 0.759375 0.298438 0.481250
0 0.661208 0.876876 0.004724 0.006305
7 0.664224 0.895590 0.007949 0.023528
5 0.664174 0.904184 0.014426 0.062664
9 0.670474 0.895517 0.042506 0.055178
8 0.717517 0.866066 0.042451 0.045803
8 0.775193 0.888830 0.053452 0.056868
8 0.835422 0.875630 0.034739 0.062900
8 0.856502 0.877729 0.042560 0.064553
8 0.887784 0.871896 0.044186 0.075509
8 0.922141 0.874621 0.055124 0.075636
8 0.977700 0.858351 0.044341 0.102072
8 0.987500 0.870313 0.025000 0.084375
