7 0.046875 0.159375 0.093750 0.318750
5 0.063281 0.214062 0.126562 0.428125
8 0.431250 0.125000 0.137500 0.250000
9 0.959375 0.304688 0.081250 0.162500
7 0.717931 0.328587 0.147167 0.319595
3 0.698368 0.199798 0.037791 0.050218
0 0.687240 0.098304 0.088364 0.148947
5 0.728125 0.275781 0.287500 0.507812
9 0.305653 0.731616 0.095776 0.080242
9 0.161049 0.744956 0.205442 0.130878
0 0.047656 0.550781 0.029687 0.042188
7 0.032813 0.682813 0.065625 0.153125
7 0.207270 0.722813 0.107823 0.270931
3 0.043213 0.588616 0.023583 0.025136
5 0.198437 0.764844 0.146875 0.470313
5 0.036719 0.764844 0.073438 0.470313
7 0.957031 0.797656 0.085938 0.404687
7 0.760156 0.825781 0.195312 0.348438
7 0.589063 0.799219 0.178125 0.401562
0 0.739844 0.548438 0.092188 0.037500
3 0.987500 0.568750 0.025000 0.056250
3 0.737648 0.626937 0.051872 0.053425
5 0.585156 0.764844 0.170313 0.470313
5 0.782031 0.764844 0.242188 0.470313
5 0.936719 0.764844 0.126562 0.470313
