0 0.410848 0.123490 0.025273 0.023728
0 0.299529 0.089386 0.019077 0.028343
7 0.422656 0.182812 0.032813 0.078125
7 0.330370 0.121772 0.049237 0.069314
5 0.326056 0.153749 0.072240 0.166443
5 0.401562 0.208594 0.075000 0.201563
8 0.900000 0.182812 0.200000 0.253125
4 0.928191 0.162777 0.014317 0.022039
2 0.924820 0.141646 0.011065 0.011065
5 0.930444 0.154991 0.028634 0.044077
0 0.383594 0.455469 0.110937 0.189062
0 0.153125 0.400000 0.178125 0.181250
3 0.159315 0.573713 0.104852 0.149637
3 0.404687 0.657031 0.068750 0.117188
4 0.387500 0.859375 0.103125 0.281250
4 0.157031 0.802344 0.304688 0.395313
5 0.175781 0.654687 0.351562 0.690625
5 0.350781 0.677344 0.176563 0.645312
8 0.790625 0.833594 0.418750 0.332813
