0 0.024219 0.177344 0.048438 0.098437
3 0.014768 0.228218 0.019368 0.053234
5 0.023438 0.216406 0.046875 0.189062
8 0.709375 0.254688 0.581250 0.509375
7 0.940625 0.019531 0.065625 0.039062
5 0.927344 0.028125 0.098437 0.056250
6 0.250877 0.810481 0.047657 0.067460
8 0.682813 0.839063 0.546875 0.321875
0 0.552058 0.951878 0.007867 0.004733
7 0.551167 0.961248 0.014208 0.012582
5 0.548787 0.964359 0.020676 0.031368
0 0.554110 0.976891 0.009411 0.003180
7 0.549314 0.986239 0.015770 0.012591
5 0.550781 0.986719 0.023438 0.026562
