7 0.753147 0.153702 0.105452 0.201200
7 0.941406 0.163281 0.117188 0.226562
2 0.376563 0.034375 0.015625 0.059375
3 0.375781 0.071094 0.014063 0.032813
3 0.750559 0.040375 0.037900 0.034811
3 0.936615 0.032382 0.044150 0.034884
0 0.750781 0.006250 0.054688 0.012500
4 0.385156 0.185938 0.032813 0.165625
5 0.424219 0.184375 0.110937 0.368750
5 0.750781 0.184375 0.142187 0.368750
5 0.925781 0.184375 0.148438 0.368750
8 0.207031 0.545312 0.323437 0.353125
8 0.157031 0.684375 0.314063 0.631250
3 0.720470 0.901032 0.175510 0.180143
4 0.850000 0.942969 0.300000 0.114062
2 0.487500 0.825781 0.237500 0.326562
5 0.684375 0.719531 0.631250 0.560937
