4 0.421094 0.207031 0.176563 0.382812
0 0.357812 0.071875 0.096875 0.143750
5 0.331250 0.254688 0.356250 0.509375
4 0.754687 0.441406 0.490625 0.135937
1 0.670312 0.223438 0.321875 0.362500
5 0.754687 0.254688 0.490625 0.509375
5 0.303125 0.754687 0.412500 0.490625
4 0.346875 0.935937 0.325000 0.128125
2 0.439844 0.591406 0.139063 0.164062
1 0.425781 0.851562 0.167187 0.187500
5 0.703125 0.748437 0.089063 0.210938
5 0.556250 0.728125 0.085938 0.221875
4 0.719531 0.703906 0.029687 0.048438
4 0.548438 0.682813 0.034375 0.062500
0 0.721094 0.658594 0.020313 0.025000
3 0.715625 0.677344 0.006250 0.007812
3 0.557813 0.652344 0.004687 0.007812
0 0.554688 0.631250 0.021875 0.023438
