8 0.315459 0.209375 0.246849 0.264062
8 0.211719 0.171875 0.423438 0.343750
5 0.198091 0.106250 0.042587 0.068750
1 0.636719 0.063281 0.154688 0.126562
4 0.662500 0.332031 0.206250 0.373437
5 0.735156 0.259375 0.351562 0.518750
5 0.857031 0.259375 0.285938 0.518750
9 0.486719 0.835156 0.145313 0.329688
6 0.188774 0.910156 0.033076 0.045312
9 0.117188 0.759375 0.234375 0.481250
3 0.326852 0.676562 0.055333 0.110937
0 0.370312 0.575000 0.143750 0.112500
7 0.316406 0.837500 0.251563 0.325000
5 0.310156 0.759375 0.314063 0.481250
2 0.871094 0.674219 0.257812 0.310937
5 0.779687 0.759375 0.440625 0.481250
