3 0.350000 0.339062 0.071875 0.100000
7 0.506250 0.350000 0.246875 0.078125
0 0.333594 0.169531 0.232813 0.339062
5 0.414844 0.194531 0.429688 0.389062
7 0.814844 0.194531 0.370312 0.389062
5 0.814844 0.194531 0.370312 0.389062
1 0.391406 0.567367 0.146875 0.105542
2 0.388281 0.435937 0.198437 0.093750
4 0.382812 0.772004 0.332813 0.405061
5 0.314844 0.694531 0.629687 0.610938
0 0.937500 0.518750 0.125000 0.259375
3 0.936719 0.665095 0.054688 0.095631
7 0.796094 0.738281 0.332813 0.523438
5 0.814844 0.694531 0.370312 0.610938
