5 0.281250 0.214844 0.562500 0.429688
6 0.788281 0.388281 0.070312 0.082812
6 0.666077 0.346142 0.048956 0.089344
6 0.876033 0.310544 0.022102 0.039190
6 0.987500 0.344531 0.025000 0.054688
6 0.830620 0.293620 0.018959 0.036047
6 0.837570 0.279517 0.017378 0.032912
6 0.878985 0.280838 0.015807 0.031341
6 0.919606 0.279821 0.009502 0.021930
6 0.952404 0.277286 0.011047 0.018814
6 0.973507 0.278726 0.011047 0.018814
6 0.984440 0.277881 0.011047 0.018814
6 0.745105 0.232397 0.007912 0.017233
6 0.788891 0.238392 0.007903 0.015670
6 0.671613 0.223449 0.011056 0.020376
6 0.592187 0.210938 0.006250 0.021875
6 0.630139 0.211971 0.009484 0.018805
6 0.687224 0.221014 0.009484 0.018805
6 0.752114 0.228450 0.009475 0.017242
6 0.801382 0.236757 0.007922 0.018795
9 0.794531 0.353125 0.410938 0.153125
1 0.311719 0.672656 0.554688 0.354687
2 0.327344 0.471875 0.523438 0.084375
4 0.294531 0.832031 0.589063 0.335938
5 0.294531 0.714844 0.589063 0.570312
1 0.739844 0.758594 0.301563 0.379688
0 0.739844 0.567969 0.301563 0.164062
4 0.794531 0.921875 0.410938 0.156250
5 0.794531 0.715625 0.410938 0.568750
