6 0.085938 0.014844 0.034375 0.029687
9 0.306250 0.209375 0.587500 0.418750
5 0.071875 0.209375 0.143750 0.418750
8 0.725000 0.175781 0.250000 0.351562
8 0.687500 0.209375 0.175000 0.418750
0 0.681250 0.188877 0.004687 0.006305
7 0.679688 0.208426 0.010937 0.023565
5 0.678125 0.216257 0.021875 0.062755
9 0.685156 0.209144 0.046875 0.058358
8 0.736719 0.191356 0.046875 0.048983
8 0.785937 0.227502 0.059375 0.061628
8 0.845313 0.229155 0.040625 0.064535
8 0.865625 0.236731 0.048438 0.067751
8 0.896094 0.237939 0.051562 0.078725
8 0.928125 0.247723 0.062500 0.078852
8 0.978125 0.245312 0.043750 0.103125
8 0.986719 0.261719 0.026562 0.089063
4 0.746094 0.656250 0.292187 0.384375
3 0.776563 0.465858 0.109375 0.066898
0 0.757031 0.434375 0.210938 0.031250
5 0.800000 0.709375 0.400000 0.581250
5 0.912500 0.709375 0.175000 0.581250
