7 0.257812 0.130469 0.131250 0.260937
7 0.471875 0.142187 0.134375 0.284375
3 0.302352 0.019089 0.033022 0.036128
5 0.440625 0.294531 0.196875 0.589063
5 0.244531 0.294531 0.210938 0.589063
1 0.599481 0.099867 0.042433 0.042433
1 0.766406 0.028125 0.048438 0.056250
1 0.883266 0.065405 0.052008 0.076862
1 0.949999 0.143139 0.023565 0.022011
1 0.920439 0.121437 0.020394 0.014181
2 0.925294 0.092503 0.026699 0.023592
2 0.958884 0.093089 0.034575 0.034575
4 0.940297 0.199443 0.071122 0.139472
5 0.922887 0.103454 0.034702 0.056450
5 0.944353 0.173639 0.077717 0.198883
5 0.938281 0.294531 0.123438 0.589063
5 0.796094 0.294531 0.282813 0.589063
5 0.685937 0.294531 0.246875 0.589063
5 0.593750 0.294531 0.109375 0.589063
4 0.576562 0.173437 0.075000 0.143750
4 0.723950 0.190546 0.125010 0.271031
4 0.835459 0.225834 0.146840 0.263345
4 0.971094 0.287500 0.057813 0.303125
8 0.141406 0.631250 0.282813 0.084375
4 0.533594 0.687500 0.010937 0.018750
5 0.531250 0.685937 0.015625 0.037500
8 0.815625 0.794531 0.368750 0.410938
3 0.583443 0.738888 0.025282 0.048583
0 0.588603 0.657611 0.072393 0.089481
7 0.577344 0.868750 0.076563 0.262500
5 0.610938 0.801562 0.143750 0.396875
