3 0.644125 0.516317 0.014244 0.031332
0 0.626987 0.507823 0.025291 0.050145
0 0.115165 0.125657 0.033049 0.040816
0 0.421434 0.120751 0.033076 0.045503
7 0.674421 0.545827 0.071094 0.134784
5 0.665625 0.581250 0.106250 0.215625
7 0.422542 0.198867 0.050573 0.098728
3 0.424363 0.154326 0.014153 0.015707
5 0.428492 0.250393 0.093978 0.308349
3 0.118086 0.160796 0.014172 0.018832
7 0.121647 0.220148 0.058576 0.131586
5 0.126084 0.263089 0.101836 0.316207
5 0.288281 0.731250 0.576562 0.084375
5 0.762500 0.844531 0.087500 0.310937
