8 0.334375 0.225000 0.450000 0.450000
2 0.607812 0.387500 0.096875 0.096875
5 0.746094 0.295312 0.373437 0.309375
5 0.274219 0.725000 0.548438 0.550000
4 0.189844 0.778906 0.379688 0.442188
1 0.107813 0.571875 0.215625 0.243750
3 0.716772 0.882031 0.007994 0.015625
2 0.909796 0.877344 0.012664 0.014063
2 0.936331 0.879687 0.011083 0.012500
2 0.705335 0.857812 0.015861 0.020313
2 0.715337 0.871094 0.012700 0.017188
3 0.908097 0.889062 0.007940 0.010937
3 0.933805 0.895312 0.007903 0.007812
4 0.702155 0.929688 0.029016 0.076563
4 0.693643 0.922656 0.019568 0.070312
4 0.689901 0.908594 0.022784 0.078125
2 0.706734 0.871875 0.009557 0.015625
5 0.686719 0.921875 0.060937 0.156250
5 0.692187 0.931250 0.065625 0.137500
5 0.708594 0.932031 0.067187 0.135937
5 0.925000 0.934375 0.050000 0.131250
5 0.903125 0.934375 0.056250 0.131250
