9 0.476892 0.480469 0.243297 0.190625
9 0.587500 0.492188 0.025000 0.109375
0 0.342481 0.217969 0.072530 0.112500
3 0.307125 0.252344 0.028525 0.068750
0 0.254840 0.242188 0.034693 0.054688
7 0.244693 0.375000 0.076082 0.185938
7 0.289578 0.448437 0.148739 0.320312
5 0.285938 0.356250 0.209375 0.606250
5 0.239063 0.401562 0.146875 0.515625
8 0.744531 0.438281 0.289062 0.442188
4 0.338281 0.829688 0.264062 0.340625
4 0.063281 0.829688 0.126562 0.340625
0 0.117188 0.829688 0.234375 0.340625
0 0.332813 0.829688 0.403125 0.340625
9 0.300000 0.829688 0.600000 0.340625
