1 0.444895 0.039033 0.033058 0.042378
1 0.472253 0.041218 0.014144 0.014144
1 0.567988 0.113320 0.034711 0.058012
0 0.558345 0.067280 0.056705 0.078452
0 0.378748 0.083951 0.056723 0.081577
0 0.432812 0.006250 0.043750 0.012500
0 0.462500 0.015625 0.031250 0.031250
7 0.451414 0.085091 0.094305 0.095858
7 0.340463 0.217772 0.121585 0.219450
7 0.592187 0.165625 0.034375 0.209375
5 0.568750 0.258594 0.081250 0.507812
5 0.487500 0.064062 0.075000 0.128125
5 0.453125 0.071094 0.137500 0.142187
5 0.368865 0.265264 0.201028 0.446467
8 0.653125 0.382031 0.087500 0.335938
5 0.804688 0.775000 0.390625 0.450000
4 0.804688 0.840625 0.390625 0.318750
