8 0.304688 0.234375 0.609375 0.468750
8 0.427344 0.207813 0.364063 0.406250
5 0.306746 0.167504 0.040943 0.054924
4 0.310666 0.169825 0.026735 0.029842
5 0.593750 0.403906 0.031250 0.129688
8 0.770637 0.088162 0.244659 0.157668
6 0.478581 0.644447 0.025327 0.056395
6 0.021094 0.847656 0.042188 0.139063
6 0.206610 0.629622 0.028407 0.048601
6 0.247789 0.590319 0.014362 0.051644
9 0.307812 0.880469 0.603125 0.239063
6 0.358568 0.562330 0.011092 0.026626
6 0.165576 0.559546 0.007958 0.025045
6 0.156982 0.559596 0.011010 0.012564
6 0.223298 0.543585 0.007894 0.014108
6 0.272489 0.538611 0.006341 0.015661
6 0.286638 0.553373 0.006359 0.018786
6 0.293678 0.554894 0.011010 0.012564
6 0.297675 0.570497 0.009493 0.020367
6 0.323311 0.545347 0.006332 0.014099
6 0.327186 0.539855 0.003189 0.010956
6 0.381900 0.544225 0.003189 0.010956
6 0.392089 0.549634 0.004751 0.010965
6 0.429611 0.553322 0.004769 0.014090
6 0.440644 0.569665 0.006368 0.020349
6 0.511811 0.581751 0.004787 0.017215
6 0.470550 0.606992 0.011101 0.028189
6 0.553399 0.612760 0.012682 0.031323
6 0.591607 0.600038 0.006377 0.021911
5 0.639844 0.673438 0.060937 0.409375
