5 0.177841 0.224267 0.037955 0.078343
8 0.179688 0.209375 0.359375 0.418750
6 0.738281 0.284375 0.439063 0.568750
3 0.602344 0.509375 0.101562 0.118750
2 0.608147 0.204830 0.186947 0.174519
5 0.553906 0.332813 0.317188 0.471875
9 0.097500 0.612378 0.032985 0.029878
9 0.164801 0.593238 0.029833 0.025173
9 0.136612 0.604012 0.026699 0.023592
9 0.377344 0.599219 0.023438 0.029687
4 0.303731 0.616703 0.025309 0.053270
0 0.303906 0.577344 0.014063 0.017188
5 0.299219 0.658594 0.042188 0.179688
8 0.582829 0.728676 0.170159 0.243169
8 0.946094 0.878125 0.107813 0.243750
8 0.579688 0.918750 0.134375 0.162500
