3 0.792188 0.027344 0.256250 0.054688
7 0.787500 0.322656 0.425000 0.354687
5 0.754687 0.250000 0.490625 0.500000
6 0.139063 0.851562 0.278125 0.296875
4 0.404687 0.596875 0.209375 0.193750
5 0.317188 0.736719 0.256250 0.473438
5 0.380469 0.750000 0.257812 0.500000
4 0.595034 0.773916 0.094732 0.169295
4 0.714063 0.937500 0.118750 0.125000
3 0.575085 0.711298 0.028380 0.043914
3 0.675057 0.850947 0.017424 0.040725
2 0.696628 0.769038 0.077172 0.105133
2 0.573150 0.640972 0.047220 0.059648
5 0.595313 0.803906 0.112500 0.392188
5 0.696094 0.855469 0.170313 0.289062
8 0.671094 0.750000 0.323437 0.500000
