3 0.205549 0.296875 0.009430 0.009375
0 0.202538 0.277344 0.020440 0.021875
4 0.218748 0.310937 0.034620 0.042188
4 0.148190 0.353125 0.030060 0.064062
5 0.141945 0.352344 0.063254 0.129688
5 0.215487 0.334375 0.074283 0.145313
6 0.552605 0.231250 0.026853 0.050000
6 0.720729 0.204687 0.033149 0.057813
6 0.653114 0.143750 0.015816 0.032813
6 0.505821 0.215625 0.014244 0.031250
6 0.582684 0.164062 0.015780 0.026562
6 0.637580 0.128125 0.012636 0.023438
6 0.673622 0.110156 0.011065 0.021875
6 0.997656 0.068750 0.004687 0.031250
6 0.962998 0.056250 0.012645 0.025000
6 0.708883 0.092188 0.009493 0.020313
6 0.765233 0.075000 0.009484 0.018750
6 0.827810 0.061719 0.009484 0.018750
6 0.913026 0.051562 0.009484 0.018750
6 0.812658 0.114844 0.018986 0.040625
6 0.861295 0.080469 0.015798 0.029687
6 0.806603 0.081250 0.012645 0.025000
6 0.738502 0.103906 0.014217 0.026562
4 0.871860 0.010156 0.007912 0.017188
5 0.871094 0.017969 0.014063 0.035937
9 0.810937 0.320312 0.378125 0.278125
