4 0.130469 0.427344 0.260937 0.204687
5 0.196875 0.264844 0.393750 0.529687
7 0.602344 0.074219 0.185938 0.148438
5 0.601562 0.264844 0.196875 0.529687
0 0.481250 0.637500 0.037500 0.065625
0 0.207006 0.883569 0.073710 0.047302
4 0.206250 0.953906 0.162500 0.092188
3 0.488281 0.675781 0.023438 0.039062
5 0.465625 0.800781 0.068750 0.398438
5 0.206250 0.924219 0.228125 0.151562
9 0.561719 0.764844 0.123438 0.470313
5 0.993750 0.918750 0.012500 0.156250
7 0.527560 0.720384 0.020649 0.057931
0 0.522346 0.676666 0.014172 0.018832
5 0.528228 0.739911 0.030587 0.154860
