0 0.129255 0.153906 0.075645 0.110937
0 0.021094 0.107813 0.042188 0.096875
3 0.026698 0.190625 0.026772 0.035937
3 0.155436 0.219531 0.022075 0.034375
7 0.212500 0.294531 0.171875 0.248438
7 0.045312 0.300000 0.090625 0.237500
5 0.101562 0.238281 0.203125 0.360938
5 0.234375 0.246094 0.293750 0.345313
0 0.750000 0.184375 0.181250 0.215625
3 0.775239 0.355469 0.116216 0.101562
5 0.829688 0.232031 0.340625 0.373437
1 0.829688 0.860938 0.340625 0.278125
2 0.800781 0.659375 0.282813 0.193750
5 0.829688 0.730469 0.340625 0.539062
