9 0.020905 0.320228 0.023610 0.029824
9 0.296773 0.306988 0.011165 0.039126
9 0.264646 0.323208 0.072339 0.080106
9 0.223158 0.337030 0.011165 0.039126
9 0.197413 0.330630 0.042487 0.051808
1 0.536719 0.387500 0.095312 0.171875
3 0.563866 0.107115 0.072339 0.080106
4 0.582031 0.342187 0.185938 0.453125
5 0.633594 0.284375 0.289062 0.568750
0 0.300000 0.784375 0.378125 0.431250
5 0.150781 0.784375 0.301563 0.431250
3 0.732031 0.618750 0.092188 0.100000
3 0.816406 0.647656 0.051562 0.157812
4 0.853906 0.880469 0.292187 0.239063
4 0.721875 0.841406 0.193750 0.317188
4 0.528125 0.784375 0.078125 0.431250
5 0.553125 0.784375 0.128125 0.431250
5 0.709375 0.784375 0.246875 0.431250
5 0.857031 0.784375 0.285938 0.431250
