7 0.282813 0.309375 0.371875 0.618750
3 0.432031 0.033594 0.073438 0.067187
5 0.281250 0.309375 0.375000 0.618750
1 0.775781 0.400781 0.448437 0.264062
2 0.734375 0.164844 0.531250 0.226562
4 0.734375 0.510156 0.531250 0.217188
5 0.734375 0.313281 0.531250 0.610938
3 0.067187 0.689063 0.110937 0.095312
4 0.099219 0.875000 0.198437 0.250000
5 0.152344 0.809375 0.304688 0.381250
0 0.904687 0.879687 0.071875 0.104688
3 0.895312 0.930469 0.023438 0.054688
7 0.957812 0.939844 0.084375 0.120313
5 0.927344 0.914062 0.145313 0.171875
