1 0.100128 0.050675 0.036283 0.059584
0 0.089844 0.021094 0.057813 0.042188
7 0.014844 0.034375 0.029687 0.068750
7 0.174219 0.104688 0.135937 0.209375
7 0.204687 0.067187 0.121875 0.134375
7 0.285938 0.048438 0.115625 0.096875
5 0.293750 0.160938 0.171875 0.321875
5 0.215625 0.181250 0.181250 0.362500
5 0.179688 0.228125 0.240625 0.456250
5 0.027344 0.031250 0.054688 0.062500
9 0.553867 0.171790 0.111501 0.097520
9 0.702209 0.156248 0.232214 0.166970
7 0.820312 0.075781 0.093750 0.151562
7 0.650781 0.144531 0.154688 0.289062
5 0.673438 0.289844 0.284375 0.579688
5 0.845313 0.222656 0.203125 0.445312
5 0.192969 0.928906 0.164062 0.142187
4 0.850781 0.789844 0.292187 0.420312
4 0.942187 0.740625 0.115625 0.321875
5 0.885938 0.789844 0.228125 0.420312
5 0.749219 0.789844 0.501563 0.420312
5 0.825000 0.789844 0.350000 0.420312
