5 0.810937 0.400000 0.032031 0.085938
5 0.326562 0.564844 0.015625 0.032813
5 0.344531 0.364844 0.020313 0.048438
5 0.053125 0.470313 0.010937 0.027344
5 0.079687 0.335156 0.009375 0.044531
4 0.080469 0.328906 0.006250 0.014844
4 0.055469 0.472656 0.005469 0.013281
2 0.052344 0.457813 0.003906 0.003906
2 0.079687 0.315625 0.004687 0.005469
2 0.351562 0.343750 0.004687 0.006250
4 0.352344 0.361719 0.006250 0.021094
4 0.328125 0.570312 0.009375 0.013281
2 0.325781 0.550781 0.007812 0.005469
4 0.819531 0.361719 0.010156 0.010937
3 0.817969 0.371094 0.003906 0.009375
4 0.821094 0.386719 0.009375 0.022656
9 0.857031 0.204687 0.034375 0.017188
9 0.898438 0.200781 0.039062 0.017969
9 0.982812 0.189844 0.033594 0.024219
9 0.789844 0.260937 0.017188 0.017969
9 0.851562 0.260937 0.021875 0.014063
9 0.861719 0.266406 0.025000 0.017188
8 0.967187 0.312500 0.065625 0.175000
8 0.532031 0.334375 0.136719 0.110156
8 0.307812 0.319531 0.289844 0.276562
8 0.010937 0.325781 0.021875 0.080469
8 0.140625 0.487500 0.218750 0.139063
8 0.468750 0.620313 0.352344 0.247656
8 0.710938 0.360938 0.556250 0.451562
9 0.865625 0.275000 0.015625 0.011719
9 0.653906 0.265625 0.028125 0.023438
9 0.664062 0.280469 0.023438 0.017188
9 0.675000 0.282031 0.025781 0.011719
9 0.689063 0.278125 0.023438 0.014844
9 0.698438 0.284375 0.021094 0.007812
