9 0.217969 0.234375 0.435937 0.468750
7 0.435156 0.323437 0.148438 0.290625
5 0.424219 0.234375 0.170313 0.468750
1 0.729688 0.354687 0.440625 0.228125
2 0.753125 0.153125 0.487500 0.259375
5 0.754687 0.234375 0.490625 0.468750
7 0.314844 0.735156 0.389062 0.529687
5 0.254688 0.734375 0.509375 0.531250
8 0.754687 0.734375 0.490625 0.531250
8 0.567187 0.844531 0.115625 0.310937
2 0.847585 0.761962 0.012582 0.014135
3 0.841440 0.779967 0.006314 0.010974
4 0.842348 0.801837 0.020549 0.040743
5 0.832969 0.801110 0.047457 0.100273
