1 0.072656 0.324219 0.145313 0.229687
1 0.321094 0.392188 0.217188 0.093750
8 0.820312 0.100000 0.275000 0.200000
4 0.113281 0.540625 0.157812 0.203125
4 0.344531 0.541406 0.154688 0.204687
1 0.002344 0.756250 0.004687 0.043750
0 0.016406 0.704688 0.032813 0.065625
0 0.157815 0.685531 0.077099 0.092633
7 0.119531 0.892969 0.198437 0.214062
5 0.023438 0.834375 0.046875 0.331250
5 0.115625 0.818750 0.212500 0.362500
5 0.317969 0.542188 0.223438 0.206250
5 0.116406 0.542188 0.232813 0.206250
7 0.589063 0.528125 0.096875 0.178125
7 0.452344 0.492188 0.045312 0.106250
5 0.459375 0.631250 0.059375 0.384375
5 0.563281 0.705469 0.239063 0.532813
9 0.598437 0.509375 0.162500 0.140625
9 0.718289 0.490396 0.098937 0.086510
