8 0.571094 0.328125 0.182812 0.206250
8 0.901563 0.500781 0.196875 0.404687
8 0.739844 0.395313 0.520312 0.646875
3 0.628125 0.309413 0.009375 0.010992
2 0.625781 0.292993 0.014063 0.018832
4 0.622656 0.332037 0.018750 0.037609
5 0.628906 0.325824 0.037500 0.087718
8 0.133594 0.862942 0.200000 0.205851
8 0.239844 0.859375 0.479687 0.281250
3 0.198437 0.843788 0.009375 0.010992
2 0.196094 0.827368 0.014063 0.018832
4 0.192969 0.866412 0.018750 0.037609
5 0.199219 0.860199 0.037500 0.087718
8 0.651563 0.774219 0.343750 0.110937
