6 0.594784 0.242188 0.009593 0.037500
6 0.743372 0.216406 0.009575 0.034375
6 0.776997 0.210938 0.009557 0.031250
6 0.635523 0.222656 0.009566 0.032813
6 0.788725 0.209375 0.007985 0.029687
6 0.941214 0.184375 0.007931 0.020313
6 0.877125 0.189062 0.006359 0.018750
6 0.818504 0.193750 0.006359 0.018750
6 0.766073 0.208594 0.006377 0.021875
6 0.750503 0.199219 0.006359 0.018750
6 0.699699 0.203125 0.006350 0.017188
6 0.687054 0.228125 0.011128 0.032813
6 0.691023 0.217188 0.006377 0.021875
6 0.693385 0.214062 0.004797 0.018750
6 0.652015 0.207813 0.006341 0.015625
6 0.626952 0.218750 0.006377 0.021875
6 0.618344 0.221094 0.006368 0.020313
1 0.359375 0.529687 0.440625 0.271875
2 0.338281 0.366406 0.482812 0.032813
4 0.289844 0.845313 0.579688 0.309375
5 0.289844 0.675000 0.579688 0.650000
4 0.876563 0.836719 0.190625 0.326562
3 0.884014 0.625781 0.053470 0.059375
2 0.883801 0.528125 0.072275 0.068750
5 0.851562 0.742969 0.225000 0.514062
