3 0.396094 0.365625 0.014063 0.028125
0 0.384862 0.353906 0.027108 0.046875
7 0.414844 0.359375 0.073438 0.040625
7 0.288281 0.035937 0.051562 0.071875
5 0.279687 0.107031 0.106250 0.214062
5 0.034375 0.071094 0.068750 0.142187
3 0.321478 0.445312 0.061683 0.064062
4 0.222289 0.716406 0.281073 0.521875
4 0.030469 0.686719 0.060937 0.432812
5 0.089063 0.689844 0.178125 0.620313
5 0.211719 0.689844 0.401562 0.620313
8 0.892188 0.615625 0.215625 0.471875
2 0.634868 0.592187 0.025273 0.023438
3 0.637520 0.618750 0.014281 0.018750
4 0.610895 0.680469 0.055942 0.107813
5 0.616427 0.685937 0.091590 0.217188
