8 0.372656 0.209375 0.114062 0.418750
3 0.234749 0.077344 0.020858 0.046875
0 0.230469 0.017969 0.067187 0.035937
7 0.194279 0.225000 0.157851 0.271875
5 0.219531 0.219531 0.220312 0.439063
8 0.182031 0.709375 0.364063 0.540625
8 0.097656 0.646875 0.195312 0.415625
8 0.322306 0.496094 0.152708 0.098437
0 0.003906 0.630469 0.007812 0.010937
3 0.001563 0.645312 0.003125 0.009375
4 0.004687 0.660937 0.009375 0.031250
5 0.013281 0.665625 0.026562 0.081250
7 0.539844 0.524219 0.220312 0.170313
5 0.561719 0.719531 0.264062 0.560937
