0 0.191156 0.195782 0.020676 0.031486
5 0.192845 0.206701 0.043060 0.075491
4 0.185623 0.190377 0.022330 0.039317
8 0.852344 0.269531 0.295312 0.539062
8 0.811719 0.409375 0.376563 0.259375
4 0.518750 0.765625 0.100000 0.453125
4 0.457031 0.705469 0.076563 0.332813
4 0.310937 0.656250 0.131250 0.234375
4 0.144531 0.644531 0.142187 0.210938
4 0.021875 0.707031 0.043750 0.335938
5 0.075781 0.769531 0.151562 0.460938
5 0.153906 0.769531 0.245312 0.460938
5 0.329688 0.769531 0.225000 0.460938
5 0.442969 0.769531 0.195312 0.460938
5 0.481250 0.769531 0.175000 0.460938
8 0.907031 0.557031 0.170313 0.035937
8 0.696875 0.605469 0.225000 0.132812
8 0.784375 0.769531 0.431250 0.460938
3 0.693635 0.552385 0.011101 0.014190
5 0.686719 0.584375 0.045312 0.090625
4 0.694770 0.582844 0.017697 0.043950
