7 0.153125 0.120313 0.125000 0.240625
7 0.363281 0.113281 0.129688 0.226562
3 0.175000 0.006250 0.031250 0.012500
5 0.365625 0.301563 0.196875 0.603125
5 0.167969 0.307812 0.195312 0.615625
7 0.883594 0.440625 0.232813 0.478125
5 0.835938 0.339844 0.328125 0.679688
0 0.884375 0.057813 0.184375 0.115625
3 0.891911 0.186214 0.091452 0.143242
5 0.089063 0.801562 0.178125 0.243750
5 0.132812 0.753906 0.096875 0.148438
5 0.185938 0.789062 0.168750 0.218750
5 0.255469 0.754687 0.139063 0.150000
5 0.337500 0.770312 0.140625 0.181250
5 0.373437 0.735156 0.093750 0.110937
5 0.418750 0.757031 0.128125 0.154688
5 0.470313 0.753125 0.078125 0.146875
4 0.750000 0.903906 0.481250 0.192188
5 0.754687 0.839844 0.490625 0.320312
