9 0.568455 0.062007 0.030087 0.034548
9 0.282091 0.090808 0.017660 0.040725
9 0.317383 0.102731 0.088591 0.094259
9 0.362005 0.110803 0.017660 0.040725
9 0.389231 0.100806 0.052253 0.059675
4 0.751563 0.102344 0.225000 0.204687
4 0.866406 0.132812 0.267188 0.265625
5 0.839063 0.229687 0.321875 0.459375
5 0.811719 0.229687 0.345313 0.459375
5 0.688281 0.169531 0.098437 0.339062
3 0.140319 0.656560 0.279490 0.253171
0 0.109375 0.630469 0.218750 0.342187
7 0.232031 0.913281 0.464062 0.173437
5 0.319531 0.729688 0.639062 0.540625
