9 0.007031 0.363281 0.014063 0.026562
8 0.252344 0.369647 0.029687 0.032985
9 0.223438 0.379635 0.032813 0.029878
9 0.633594 0.352334 0.015625 0.015716
3 0.279687 0.436212 0.007812 0.010983
0 0.281250 0.417471 0.020313 0.032931
5 0.267188 0.439063 0.050000 0.081250
4 0.142187 0.393225 0.026562 0.056405
0 0.143750 0.351046 0.015625 0.021966
5 0.136719 0.408594 0.048438 0.142187
8 0.871875 0.276562 0.256250 0.406250
8 0.325000 0.739844 0.650000 0.520312
8 0.197656 0.739844 0.395313 0.520312
4 0.501563 0.691945 0.082812 0.100482
2 0.500000 0.597405 0.026562 0.018905
3 0.500000 0.639592 0.023438 0.022011
5 0.494531 0.717686 0.128125 0.267933
8 0.825000 0.763281 0.350000 0.473438
8 0.825000 0.592969 0.350000 0.226562
