9 0.377369 0.156502 0.111492 0.095958
9 0.222727 0.147790 0.233749 0.162292
7 0.095312 0.072656 0.087500 0.145313
7 0.274219 0.139844 0.145313 0.279687
5 0.254688 0.250000 0.243750 0.500000
5 0.081250 0.225000 0.162500 0.450000
3 0.963281 0.397656 0.073438 0.204687
0 0.825781 0.250000 0.348438 0.500000
5 0.818750 0.250000 0.362500 0.500000
7 0.241406 0.538281 0.157812 0.076563
5 0.385156 0.750000 0.167187 0.500000
5 0.227344 0.714063 0.245312 0.428125
8 0.734375 0.750000 0.531250 0.500000
5 0.561936 0.658318 0.036365 0.073647
