9 0.131250 0.177344 0.045312 0.040625
9 0.153906 0.164062 0.051562 0.058594
9 0.182031 0.160156 0.051562 0.061719
9 0.214062 0.164062 0.025781 0.041406
9 0.228125 0.156250 0.051562 0.055469
9 0.374219 0.238281 0.037500 0.032813
9 0.491406 0.278906 0.055469 0.037500
9 0.489063 0.253125 0.035156 0.027344
9 0.468750 0.271875 0.042188 0.037500
9 0.575000 0.297656 0.047656 0.041406
6 0.803125 0.376563 0.017188 0.011719
9 0.712500 0.325000 0.049219 0.044531
8 0.245312 0.383594 0.087500 0.121875
8 0.624219 0.572656 0.290625 0.200781
8 0.288281 0.116406 0.021875 0.029687
9 0.337500 0.141406 0.022656 0.019531
9 0.356250 0.141406 0.019531 0.021094
9 0.393750 0.135156 0.007812 0.018750
9 0.379688 0.139063 0.026562 0.021094
