5 0.302344 0.264844 0.532813 0.529687
0 0.650093 0.195549 0.069050 0.051962
2 0.685246 0.062156 0.064244 0.031623
4 0.642631 0.135348 0.084966 0.102053
3 0.689815 0.082495 0.031350 0.017369
5 0.663281 0.174219 0.189062 0.260937
5 0.900781 0.063281 0.198437 0.126562
8 0.352344 0.764844 0.432812 0.470313
8 0.814063 0.741406 0.371875 0.423438
2 0.856830 0.638257 0.018859 0.018859
3 0.859023 0.664051 0.007876 0.010983
4 0.863552 0.691422 0.045612 0.051826
5 0.851756 0.704636 0.094641 0.153670
5 0.721094 0.557031 0.039062 0.054688
