9 0.068750 0.146875 0.137500 0.293750
6 0.369531 0.116406 0.032813 0.045312
9 0.450781 0.219531 0.235937 0.439063
7 0.237500 0.214062 0.240625 0.428125
5 0.242188 0.219531 0.293750 0.439063
2 0.911719 0.274219 0.176563 0.164062
5 0.784375 0.300781 0.431250 0.276562
8 0.243750 0.656250 0.487500 0.434375
8 0.284375 0.875000 0.568750 0.250000
5 0.645312 0.827344 0.153125 0.345313
4 0.850000 0.860938 0.300000 0.278125
3 0.721875 0.754687 0.065625 0.057813
0 0.696094 0.600781 0.198437 0.217188
5 0.811719 0.734375 0.376563 0.531250
