8 0.417187 0.253125 0.225000 0.453125
8 0.249219 0.222656 0.498437 0.445312
4 0.881066 0.076551 0.219932 0.102835
4 0.896098 0.328791 0.206760 0.179316
0 0.892747 0.213974 0.113173 0.058467
2 0.719747 0.043117 0.070949 0.055097
3 0.759255 0.071792 0.036301 0.031459
5 0.830469 0.125781 0.339062 0.229687
5 0.848437 0.422656 0.303125 0.501563
5 0.264844 0.850000 0.529687 0.300000
4 0.235937 0.850000 0.421875 0.300000
9 0.541406 0.819531 0.023438 0.026562
8 0.778093 0.839733 0.030069 0.032985
9 0.749877 0.847709 0.033158 0.029878
3 0.798433 0.904454 0.007940 0.010983
0 0.801767 0.886467 0.020694 0.032931
5 0.780469 0.933594 0.064062 0.132812
4 0.671652 0.856757 0.030324 0.054860
0 0.676022 0.816891 0.015861 0.020403
5 0.664176 0.895079 0.059940 0.183149
