7 0.074219 0.357031 0.148438 0.210938
5 0.114844 0.455469 0.229687 0.489063
0 0.586719 0.182582 0.025000 0.036228
0 0.675000 0.356555 0.023438 0.033085
0 0.738281 0.355818 0.021875 0.033067
7 0.734375 0.363676 0.043750 0.058322
7 0.585938 0.196654 0.042188 0.058303
7 0.525781 0.185938 0.032813 0.084375
7 0.517188 0.078125 0.015625 0.078125
5 0.532031 0.108594 0.045312 0.160938
5 0.543750 0.203125 0.068750 0.131250
5 0.595313 0.214513 0.071875 0.103961
5 0.678125 0.373706 0.045312 0.083340
5 0.737500 0.376140 0.053125 0.086556
1 0.397656 0.793750 0.223438 0.187500
4 0.309375 0.850000 0.400000 0.300000
5 0.254688 0.850000 0.509375 0.300000
0 0.643750 0.969292 0.081250 0.060320
0 0.885938 0.920380 0.093750 0.066716
0 0.532031 0.982311 0.035937 0.025418
0 0.596094 0.978440 0.043750 0.027072
0 0.575000 0.966186 0.028125 0.019077
1 0.530469 0.995313 0.017188 0.009375
3 0.596094 0.995313 0.014063 0.009375
3 0.667969 0.996094 0.039062 0.007812
3 0.896094 0.959325 0.040625 0.027035
7 0.924219 0.972656 0.148438 0.054688
4 0.576562 0.994531 0.025000 0.010937
5 0.589063 0.976562 0.081250 0.046875
5 0.596094 0.982031 0.060937 0.035937
5 0.915625 0.936719 0.168750 0.126562
