8 0.809375 0.278125 0.381250 0.481250
7 0.457813 0.759375 0.321875 0.481250
5 0.309375 0.759375 0.618750 0.481250
3 0.984517 0.710112 0.023556 0.020449
3 0.914246 0.717553 0.029824 0.023610
3 0.873571 0.709195 0.025127 0.022020
3 0.812774 0.733768 0.025136 0.023583
3 0.796867 0.685422 0.018877 0.021984
3 0.759490 0.706734 0.023565 0.022011
3 0.707582 0.647659 0.026690 0.022030
3 0.709554 0.717962 0.023565 0.022011
3 0.634172 0.652773 0.021993 0.020440
3 0.642385 0.721478 0.025145 0.025145
0 0.634375 0.616406 0.031250 0.035937
0 0.643679 0.675375 0.040870 0.042424
0 0.711266 0.609355 0.036137 0.034584
0 0.714005 0.677310 0.039317 0.043977
0 0.759258 0.666890 0.039299 0.040852
0 0.803662 0.644756 0.037727 0.039281
0 0.819542 0.688415 0.042451 0.045558
0 0.875651 0.663869 0.042424 0.040870
0 0.918661 0.670650 0.048719 0.048719
0 0.981250 0.662500 0.037500 0.050000
7 0.651563 0.807813 0.065625 0.156250
7 0.647656 0.695312 0.057813 0.059375
7 0.703985 0.700806 0.083349 0.092669
7 0.711698 0.817953 0.085357 0.169241
7 0.765527 0.804358 0.060266 0.153470
7 0.790054 0.722963 0.031477 0.039244
7 0.810154 0.820505 0.099410 0.167760
7 0.872277 0.755298 0.056741 0.084702
7 0.910867 0.808200 0.129116 0.171058
7 0.961719 0.799219 0.076563 0.170313
7 0.980469 0.851562 0.039062 0.225000
5 0.637500 0.799219 0.037500 0.401562
5 0.657031 0.827344 0.076563 0.345313
5 0.697656 0.793750 0.117188 0.412500
5 0.702344 0.826562 0.107813 0.346875
5 0.748437 0.822656 0.090625 0.354687
5 0.785937 0.812500 0.084375 0.375000
5 0.799219 0.831250 0.132812 0.337500
5 0.857031 0.817969 0.092188 0.364063
5 0.900781 0.821094 0.167187 0.357812
5 0.949219 0.815625 0.101562 0.368750
5 0.960938 0.829688 0.078125 0.340625
