3 0.496469 0.105469 0.009430 0.009375
0 0.495806 0.085156 0.018877 0.021875
4 0.483879 0.121094 0.029924 0.040625
4 0.561031 0.153906 0.022239 0.062500
5 0.567290 0.152344 0.047602 0.125000
5 0.491555 0.144531 0.057068 0.140625
8 0.894531 0.187500 0.210938 0.375000
8 0.894531 0.233594 0.210938 0.467187
0 0.332031 0.703906 0.204687 0.270313
7 0.642969 0.830469 0.292187 0.339062
3 0.431153 0.757031 0.105597 0.156250
5 0.506250 0.784375 0.565625 0.431250
0 0.829688 0.641406 0.081250 0.145313
5 0.894531 0.761719 0.210938 0.385937
