8 0.046094 0.284375 0.092188 0.171875
9 0.152099 0.081789 0.026944 0.033122
9 0.177853 0.079745 0.028470 0.030015
9 0.202781 0.073786 0.026962 0.034684
9 0.226954 0.070162 0.028489 0.031577
9 0.262810 0.063549 0.030051 0.031595
9 0.289336 0.060733 0.026926 0.031559
9 0.313518 0.057890 0.028489 0.031577
9 0.339245 0.053502 0.028470 0.030015
9 0.360311 0.051404 0.028470 0.030015
9 0.380578 0.047734 0.026908 0.029997
9 0.396158 0.044009 0.026926 0.031559
9 0.417234 0.042692 0.031614 0.031614
9 0.439844 0.039050 0.030069 0.033158
5 0.388203 0.434489 0.014517 0.039226
8 0.305963 0.415566 0.127945 0.254580
8 0.294531 0.350000 0.529687 0.700000
8 0.247656 0.850000 0.495312 0.300000
8 0.488281 0.935937 0.142187 0.128125
2 0.910156 0.843750 0.179688 0.187500
5 0.779687 0.862500 0.440625 0.275000
