8 0.204687 0.743750 0.409375 0.368750
7 0.270843 0.730731 0.022202 0.028252
2 0.265683 0.704137 0.011047 0.009439
2 0.200411 0.874862 0.014208 0.012582
2 0.124866 0.854109 0.014262 0.017269
3 0.128618 0.867413 0.009448 0.006305
3 0.204899 0.892077 0.009484 0.009430
5 0.261413 0.735364 0.047748 0.075273
5 0.216944 0.931212 0.065608 0.133185
7 0.135285 0.898704 0.035084 0.061137
7 0.219424 0.919507 0.039862 0.068977
7 0.342153 0.913971 0.038209 0.061156
0 0.345733 0.874926 0.014226 0.014144
5 0.341290 0.920997 0.051327 0.114353
5 0.132812 0.921094 0.059375 0.157812
8 0.745313 0.909375 0.509375 0.181250
8 0.704688 0.779687 0.590625 0.440625
