5 0.110156 0.014063 0.048438 0.028125
8 0.172656 0.111719 0.345313 0.223438
0 0.859375 0.281710 0.100000 0.070894
0 0.950000 0.309375 0.100000 0.137500
3 0.887500 0.329984 0.045312 0.056514
3 0.839063 0.347454 0.054688 0.039381
4 0.905469 0.458594 0.182812 0.142187
5 0.789844 0.359375 0.420312 0.325000
5 0.747656 0.356579 0.317188 0.272158
8 0.450000 0.860156 0.259375 0.279687
8 0.242969 0.849219 0.485938 0.301563
3 0.765625 0.665005 0.018750 0.017297
2 0.767969 0.629054 0.025000 0.020458
4 0.757812 0.731457 0.068750 0.114462
5 0.750000 0.779940 0.112500 0.333467
