9 0.364844 0.400000 0.070312 0.378125
9 0.063281 0.376563 0.126562 0.525000
7 0.267188 0.435937 0.256250 0.406250
5 0.269531 0.325000 0.260937 0.628125
3 0.286527 0.214170 0.061319 0.065980
0 0.303769 0.070516 0.116361 0.127235
8 0.666406 0.319531 0.532813 0.639062
8 0.894531 0.412500 0.210938 0.453125
5 0.481003 0.224469 0.034875 0.086137
6 0.096101 0.812833 0.028725 0.103289
6 0.239063 0.657813 0.012500 0.037500
6 0.357812 0.650000 0.009375 0.021875
6 0.001563 0.668750 0.003125 0.034375
6 0.086790 0.667461 0.009575 0.034430
6 0.092188 0.651563 0.006250 0.025000
6 0.170313 0.650781 0.006250 0.023438
6 0.297656 0.644531 0.007812 0.010937
6 0.061719 0.650781 0.007812 0.023438
6 0.147656 0.642188 0.004687 0.006250
6 0.134375 0.641406 0.006250 0.004687
6 0.097656 0.641406 0.004687 0.004687
6 0.085938 0.644531 0.006250 0.010937
6 0.043750 0.648438 0.006250 0.018750
6 0.032813 0.646875 0.006250 0.015625
6 0.015625 0.646875 0.006250 0.015625
6 0.009375 0.642969 0.006250 0.007812
8 0.700000 0.819531 0.600000 0.360938
