5 0.151562 0.307000 0.081250 0.225945
5 0.014063 0.299219 0.028125 0.239063
4 0.164062 0.256364 0.029687 0.050345
0 0.160938 0.207890 0.021875 0.026817
3 0.157031 0.228938 0.006250 0.009448
0 0.521875 0.172656 0.006250 0.032813
5 0.528125 0.183594 0.018750 0.076563
0 0.986719 0.206048 0.010937 0.015752
7 0.982812 0.234128 0.018750 0.039281
5 0.983594 0.251324 0.031250 0.109739
3 0.985156 0.218530 0.006250 0.006323
3 0.167187 0.640625 0.334375 0.081250
4 0.229687 0.835156 0.459375 0.329688
5 0.259375 0.800000 0.518750 0.400000
