5 0.445312 0.548438 0.028125 0.090625
8 0.339873 0.391122 0.208150 0.327762
8 0.240625 0.344531 0.437500 0.689063
9 0.223218 0.164654 0.023792 0.061074
9 0.252061 0.175760 0.055133 0.076881
8 0.090215 0.062315 0.034675 0.051762
9 0.152098 0.034549 0.011010 0.012564
9 0.137131 0.055556 0.015743 0.020403
9 0.149581 0.064223 0.015752 0.021966
8 0.631207 0.330534 0.031450 0.034557
9 0.602255 0.338179 0.034557 0.031450
9 0.997656 0.345313 0.004687 0.015625
3 0.651905 0.398626 0.009439 0.010992
0 0.655139 0.379894 0.022066 0.032940
5 0.632742 0.469611 0.068460 0.219141
4 0.521741 0.345523 0.031577 0.056432
0 0.526670 0.304144 0.017315 0.021975
5 0.513697 0.385321 0.065172 0.190998
8 0.382031 0.950000 0.154688 0.100000
9 0.283020 0.722408 0.034575 0.034575
8 0.225000 0.844531 0.450000 0.310937
5 0.818750 0.798438 0.362500 0.218750
