5 0.238281 0.021094 0.151562 0.042188
3 0.057375 0.216643 0.023647 0.036074
0 0.053914 0.140058 0.080351 0.114526
0 0.339062 0.440625 0.075000 0.096875
7 0.439844 0.424219 0.160938 0.129688
7 0.042188 0.343750 0.084375 0.290625
5 0.054688 0.284375 0.109375 0.409375
5 0.428906 0.422656 0.251563 0.132812
8 0.891406 0.146875 0.217188 0.293750
8 0.526563 0.764844 0.484375 0.470313
7 0.053577 0.672470 0.039526 0.079915
2 0.047704 0.607590 0.018850 0.017297
3 0.050702 0.629483 0.015680 0.009466
5 0.058055 0.708435 0.080978 0.222339
5 0.751563 0.716406 0.034375 0.210938
8 0.884375 0.744531 0.231250 0.510938
4 0.847014 0.835571 0.025318 0.054833
2 0.841073 0.782410 0.012591 0.015698
5 0.847896 0.818388 0.036474 0.092397
8 0.982812 0.788281 0.034375 0.095312
