7 0.168750 0.319939 0.015625 0.028216
0 0.165625 0.298082 0.006250 0.009411
5 0.167969 0.334787 0.023438 0.081386
8 0.310156 0.401562 0.139063 0.256250
5 0.250781 0.511719 0.045312 0.035937
8 0.189844 0.264844 0.379688 0.529687
8 0.786719 0.264844 0.426563 0.529687
8 0.574219 0.220312 0.289062 0.440625
7 0.621094 0.265928 0.026562 0.039217
5 0.622656 0.265138 0.031250 0.047057
2 0.298438 0.658594 0.162500 0.232813
5 0.189844 0.766406 0.379688 0.467187
8 0.748437 0.870313 0.218750 0.259375
8 0.925000 0.852344 0.150000 0.295312
9 0.600000 0.978125 0.103125 0.043750
2 0.533594 0.974395 0.009375 0.010992
5 0.535937 0.984375 0.021875 0.031250
6 0.514062 0.989062 0.015625 0.021875
6 0.588281 0.985938 0.014063 0.028125
8 0.458594 0.946875 0.157812 0.106250
