0 0.250000 0.025781 0.075000 0.051562
3 0.358594 0.028365 0.026562 0.037809
3 0.225000 0.064294 0.020313 0.034611
7 0.169531 0.162500 0.167187 0.293750
7 0.386719 0.163281 0.170313 0.292187
5 0.348438 0.154688 0.296875 0.309375
5 0.149219 0.154688 0.276562 0.309375
3 0.644531 0.183594 0.189062 0.251563
4 0.775000 0.250000 0.450000 0.118750
5 0.775000 0.154688 0.450000 0.309375
4 0.127344 0.454688 0.254688 0.290625
4 0.455469 0.469531 0.189062 0.320312
5 0.206250 0.654687 0.412500 0.690625
5 0.375000 0.654687 0.350000 0.690625
7 0.620313 0.629687 0.140625 0.328125
3 0.664062 0.403556 0.043750 0.050509
2 0.687500 0.333594 0.081250 0.048438
5 0.642969 0.654687 0.185938 0.690625
8 0.775000 0.654687 0.450000 0.690625
