0 0.149219 0.104294 0.075000 0.106686
0 0.302344 0.151278 0.067187 0.097266
7 0.315625 0.335938 0.046875 0.278125
7 0.135156 0.335462 0.125000 0.313227
3 0.312500 0.231025 0.031250 0.034557
3 0.161719 0.185616 0.028125 0.037664
5 0.154688 0.271875 0.181250 0.456250
5 0.303906 0.298438 0.070312 0.403125
4 0.703125 0.260558 0.134375 0.141407
2 0.678125 0.170569 0.045312 0.025264
5 0.699219 0.302723 0.198437 0.302717
2 0.763281 0.805403 0.453125 0.135449
3 0.769531 0.978125 0.460938 0.043750
5 0.669531 0.857031 0.660937 0.285938
