8 0.304688 0.275000 0.609375 0.550000
8 0.129688 0.088281 0.259375 0.176563
9 0.695312 0.203906 0.171875 0.235937
0 0.969506 0.079013 0.029978 0.050173
4 0.977344 0.110937 0.045312 0.059375
5 0.971875 0.132812 0.056250 0.175000
1 0.235156 0.564063 0.085938 0.028125
1 0.249320 0.720856 0.075436 0.075436
1 0.538528 0.744174 0.069232 0.083212
1 0.098349 0.823300 0.062873 0.064426
1 0.034375 0.585156 0.068750 0.070312
2 0.084495 0.724940 0.102181 0.106841
2 0.275781 0.955469 0.107813 0.089063
2 0.487946 0.644465 0.109884 0.088136
2 0.236266 0.625616 0.089517 0.078643
4 0.045312 0.813281 0.090625 0.373437
4 0.084899 0.660092 0.124265 0.142906
4 0.124219 0.921875 0.242188 0.156250
4 0.520312 0.888281 0.178125 0.223438
5 0.422656 0.593750 0.292187 0.087500
5 0.569531 0.775000 0.079687 0.450000
5 0.485156 0.685156 0.248438 0.270313
5 0.484375 0.787500 0.250000 0.425000
5 0.331250 0.949219 0.231250 0.101562
5 0.297656 0.782031 0.310937 0.435937
5 0.266406 0.743750 0.345313 0.387500
5 0.200000 0.595313 0.265625 0.090625
5 0.085156 0.681250 0.170313 0.262500
5 0.151562 0.828125 0.303125 0.343750
5 0.082812 0.775000 0.165625 0.450000
1 0.916406 0.749219 0.167187 0.398438
4 0.804688 0.820312 0.390625 0.359375
5 0.804688 0.775000 0.390625 0.450000
