7 0.889062 0.254688 0.221875 0.509375
5 0.708594 0.254688 0.117188 0.509375
5 0.879687 0.254688 0.240625 0.509375
9 0.801562 0.130469 0.303125 0.260937
7 0.033594 0.825781 0.067187 0.348438
7 0.392188 0.891406 0.331250 0.217188
0 0.465706 0.639348 0.206015 0.230507
0 0.022656 0.558594 0.045312 0.098437
3 0.495097 0.824150 0.088036 0.093206
5 0.107813 0.754687 0.215625 0.490625
5 0.428906 0.754687 0.442188 0.490625
9 0.225000 0.882031 0.353125 0.235937
7 0.764844 0.709375 0.229687 0.400000
5 0.825000 0.754687 0.350000 0.490625
