9 0.521414 0.285971 0.102062 0.086528
9 0.670542 0.302464 0.217997 0.140326
0 0.795148 0.102401 0.033085 0.047066
0 0.626671 0.054544 0.059802 0.073783
7 0.807625 0.240759 0.074374 0.161365
7 0.623437 0.272656 0.118750 0.273438
3 0.799604 0.142272 0.026717 0.026717
5 0.629687 0.204687 0.168750 0.409375
5 0.815625 0.206250 0.121875 0.406250
1 0.184375 0.889844 0.368750 0.220312
2 0.184375 0.669531 0.368750 0.117188
5 0.184375 0.804688 0.368750 0.390625
6 0.730469 0.475781 0.201563 0.132812
6 0.918750 0.704688 0.162500 0.465625
