7 0.188281 0.191406 0.376563 0.382812
5 0.325000 0.244531 0.650000 0.489063
8 0.825000 0.130469 0.350000 0.260937
0 0.664062 0.321094 0.028125 0.026562
3 0.662500 0.342969 0.025000 0.010937
7 0.675781 0.395313 0.051562 0.084375
5 0.713281 0.396875 0.126562 0.184375
7 0.268750 0.847656 0.293750 0.304688
5 0.240625 0.744531 0.375000 0.510938
0 0.279687 0.544531 0.171875 0.110937
3 0.266406 0.672670 0.082812 0.135339
5 0.753125 0.744531 0.206250 0.510938
5 0.923438 0.744531 0.153125 0.510938
3 0.903125 0.577204 0.031250 0.062864
3 0.754687 0.611414 0.050000 0.049019
2 0.757812 0.516406 0.075000 0.054688
2 0.942187 0.500781 0.084375 0.023438
4 0.940625 0.800000 0.118750 0.400000
4 0.742969 0.814063 0.157812 0.371875
