9 0.300781 0.438843 0.120313 0.085075
0 0.006250 0.103906 0.012500 0.101562
0 0.399219 0.841406 0.039062 0.104688
0 0.309375 0.845787 0.093750 0.092733
0 0.345313 0.939746 0.031250 0.032994
0 0.254688 0.910313 0.037500 0.037718
0 0.201563 0.910004 0.037500 0.040843
0 0.064844 0.893583 0.039062 0.040852
0 0.040625 0.910630 0.025000 0.037645
3 0.039062 0.929371 0.010937 0.014126
3 0.069531 0.920954 0.010937 0.017251
3 0.200781 0.941249 0.017188 0.018850
3 0.406250 0.922656 0.025000 0.048438
3 0.296094 0.928523 0.045312 0.048701
3 0.010937 0.928426 0.012500 0.012573
5 0.028906 0.946875 0.048438 0.106250
5 0.046094 0.936719 0.085938 0.126562
0 0.019531 0.902695 0.035937 0.042397
5 0.174219 0.942187 0.095312 0.115625
5 0.216406 0.942969 0.120313 0.114062
5 0.345313 0.942871 0.034375 0.047075
5 0.257812 0.893750 0.262500 0.212500
7 0.009375 0.958594 0.018750 0.082812
7 0.050000 0.957031 0.062500 0.085938
7 0.182812 0.968750 0.059375 0.062500
7 0.264844 0.957031 0.214062 0.085938
7 0.228906 0.964844 0.067187 0.070312
6 0.468750 0.700202 0.007812 0.028170
2 0.459375 0.636085 0.004687 0.009402
5 0.457813 0.649357 0.015625 0.043841
4 0.457813 0.657169 0.010937 0.023501
