8 0.244531 0.689844 0.489063 0.620313
6 0.754329 0.730216 0.115953 0.163164
6 0.929688 0.467969 0.140625 0.176563
6 0.614062 0.472656 0.193750 0.185938
6 0.961719 0.813281 0.076563 0.123438
6 0.879431 0.941086 0.047820 0.081523
6 0.904687 0.971094 0.040625 0.057813
6 0.852487 0.908119 0.054180 0.090934
6 0.894531 0.990625 0.045312 0.018750
6 0.982812 0.916406 0.034375 0.079687
6 0.823607 0.843111 0.079525 0.120767
6 0.949219 0.695312 0.101562 0.168750
6 0.982812 0.958594 0.034375 0.067187
6 0.978125 0.982812 0.037500 0.034375
