0 0.232031 0.219531 0.464062 0.439063
5 0.096875 0.219531 0.193750 0.439063
3 0.571875 0.117188 0.165625 0.234375
7 0.672656 0.243750 0.367188 0.390625
5 0.685937 0.219531 0.393750 0.439063
2 0.302344 0.530371 0.220312 0.154407
5 0.244531 0.719531 0.489063 0.560937
1 0.277344 0.860985 0.225000 0.273184
8 0.782813 0.699219 0.434375 0.520312
6 0.983594 0.879687 0.032813 0.165625
6 0.872656 0.896875 0.098437 0.206250
6 0.584375 0.886719 0.125000 0.226562
0 0.503125 0.534375 0.028125 0.046875
2 0.884375 0.469928 0.031250 0.023619
7 0.884375 0.536334 0.068750 0.086337
7 0.517188 0.640625 0.056250 0.150000
3 0.496875 0.567969 0.015625 0.026562
3 0.879687 0.499643 0.021875 0.022002
5 0.886719 0.517571 0.101562 0.120903
5 0.519531 0.705469 0.060937 0.395313
