8 0.189844 0.425781 0.379688 0.485938
8 0.689844 0.412500 0.620313 0.512500
0 0.896164 0.391738 0.034557 0.031650
3 0.893634 0.423796 0.017315 0.022075
7 0.912230 0.450141 0.063009 0.088227
5 0.894029 0.490193 0.107614 0.235611
7 0.156250 0.834375 0.312500 0.331250
5 0.165625 0.834375 0.331250 0.331250
9 0.683246 0.748750 0.034557 0.031650
9 0.727019 0.744335 0.029842 0.026908
9 0.756747 0.736958 0.034539 0.028525
8 0.848717 0.773385 0.034620 0.042587
0 0.783210 0.753837 0.022102 0.039317
0 0.763188 0.838439 0.022102 0.039317
4 0.765791 0.793880 0.030078 0.067533
4 0.754989 0.904936 0.028607 0.083140
5 0.763351 0.810314 0.054007 0.152181
5 0.745313 0.908594 0.075000 0.182812
3 0.761466 0.865801 0.010992 0.009502
