6 0.032845 0.405469 0.031777 0.045312
9 0.198437 0.234375 0.381250 0.431250
9 0.935156 0.078906 0.129688 0.157812
7 0.655469 0.117969 0.179688 0.235937
5 0.662500 0.225000 0.359375 0.450000
0 0.352344 0.710156 0.073438 0.173437
5 0.269531 0.807031 0.239063 0.385937
3 0.378906 0.863281 0.020313 0.067187
8 0.694531 0.725000 0.610938 0.550000
8 0.664844 0.793750 0.417187 0.412500
8 0.959375 0.759375 0.081250 0.109375
0 0.659253 0.881250 0.015770 0.012500
3 0.656300 0.896094 0.009484 0.009375
4 0.657273 0.912500 0.020712 0.034375
5 0.662805 0.917969 0.044750 0.085938
