7 0.225000 0.211719 0.450000 0.423438
5 0.359375 0.264844 0.718750 0.529687
9 0.834375 0.078906 0.175000 0.157812
3 0.731250 0.062500 0.025000 0.121875
4 0.799219 0.289062 0.160938 0.481250
5 0.946094 0.264844 0.107813 0.529687
5 0.808594 0.087500 0.179688 0.175000
5 0.819531 0.264844 0.201563 0.529687
1 0.263152 0.781587 0.101064 0.183394
2 0.307031 0.595313 0.195312 0.131250
4 0.377344 0.926562 0.307812 0.146875
5 0.275781 0.764844 0.523438 0.470313
8 0.859375 0.764844 0.281250 0.470313
8 0.859375 0.583594 0.281250 0.107813
