8 0.214844 0.151562 0.429688 0.175000
8 0.144531 0.119531 0.289062 0.239063
0 0.209375 0.712406 0.217188 0.257215
3 0.264844 0.874260 0.042188 0.059866
0 0.035156 0.532031 0.070312 0.201563
4 0.230469 0.942187 0.229687 0.115625
4 0.086719 0.826562 0.173437 0.346875
5 0.105469 0.708594 0.210938 0.582812
5 0.239844 0.783594 0.367188 0.432812
0 0.928906 0.343772 0.039062 0.044205
0 0.829688 0.471489 0.029687 0.044095
0 0.787500 0.641511 0.028125 0.039390
0 0.871875 0.593654 0.031250 0.044114
3 0.921875 0.373541 0.017188 0.015825
0 0.768750 0.858135 0.025000 0.036228
0 0.704688 0.884662 0.021875 0.036192
7 0.711719 0.890830 0.046875 0.063045
7 0.794531 0.655492 0.043750 0.064572
7 0.867969 0.611668 0.070312 0.091443
7 0.835156 0.496425 0.057813 0.085048
7 0.918750 0.404046 0.089063 0.119786
5 0.916406 0.439230 0.128125 0.234303
5 0.835156 0.533144 0.093750 0.176091
5 0.857031 0.637577 0.107813 0.141880
5 0.791406 0.677403 0.075000 0.113373
5 0.774219 0.876041 0.048438 0.091189
5 0.714063 0.905647 0.054688 0.094386
