7 0.254688 0.117188 0.509375 0.234375
5 0.284375 0.150000 0.568750 0.300000
0 0.993750 0.068750 0.012500 0.028125
0 0.945651 0.071123 0.052108 0.047175
0 0.895706 0.075520 0.019005 0.021984
0 0.883187 0.073884 0.018986 0.020422
0 0.850248 0.062756 0.034775 0.034575
0 0.808469 0.030484 0.026872 0.026717
0 0.768750 0.010156 0.043750 0.020313
0 0.774412 0.057628 0.075945 0.081686
0 0.705889 0.076759 0.023747 0.026699
0 0.683069 0.062565 0.012627 0.011010
7 0.683360 0.087565 0.015989 0.031341
0 0.667408 0.059349 0.028452 0.028289
0 0.625711 0.034108 0.033176 0.031441
7 0.612003 0.131678 0.071731 0.122284
7 0.655790 0.135057 0.059031 0.105024
7 0.693362 0.141525 0.044786 0.089317
7 0.807043 0.109377 0.044768 0.087755
7 0.874594 0.141017 0.046240 0.079951
7 0.890937 0.135644 0.014753 0.059457
7 0.965292 0.147795 0.020622 0.026681
7 0.978906 0.148438 0.042188 0.103125
7 0.930708 0.196809 0.103599 0.175591
7 0.836422 0.150170 0.081015 0.114526
7 0.735214 0.112865 0.064155 0.142551
7 0.762500 0.214062 0.121875 0.171875
3 0.994531 0.098437 0.010937 0.015625
3 0.953237 0.118820 0.009611 0.020367
3 0.895170 0.096609 0.007940 0.010983
3 0.881098 0.095746 0.011065 0.011001
3 0.849049 0.093997 0.018950 0.017297
0 0.859914 0.087811 0.008031 0.018795
3 0.807215 0.057037 0.014226 0.014144
3 0.793044 0.114763 0.009720 0.029742
3 0.704581 0.098625 0.009502 0.010992
3 0.664619 0.088237 0.014226 0.014144
3 0.622958 0.066121 0.020494 0.015743
5 0.615625 0.157812 0.093750 0.284375
5 0.681698 0.078962 0.022402 0.045440
5 0.654687 0.171094 0.081250 0.257812
5 0.691391 0.173543 0.062011 0.226908
5 0.731250 0.150000 0.125000 0.300000
5 0.808469 0.097667 0.056597 0.164381
5 0.830469 0.169531 0.120313 0.260937
5 0.873350 0.168352 0.063410 0.212855
5 0.884169 0.158259 0.047549 0.192451
5 0.923438 0.171094 0.140625 0.257812
5 0.972656 0.175781 0.054688 0.248438
5 0.750000 0.155469 0.171875 0.289062
8 0.105469 0.753125 0.210938 0.300000
8 0.307090 0.781720 0.233815 0.356024
9 0.521094 0.959375 0.095312 0.081250
8 0.910937 0.327344 0.175000 0.054688
8 0.784375 0.607812 0.431250 0.615625
4 0.704527 0.334854 0.028798 0.057976
5 0.701562 0.332031 0.043750 0.064062
