0 0.343962 0.191903 0.012573 0.012573
4 0.340625 0.204687 0.018750 0.009375
9 0.217188 0.180469 0.237500 0.057813
5 0.341406 0.196875 0.023438 0.025000
8 0.739844 0.104688 0.520312 0.209375
8 0.912500 0.104688 0.175000 0.209375
8 0.122656 0.632812 0.245312 0.537500
8 0.235156 0.775000 0.470313 0.450000
7 0.062202 0.492690 0.029906 0.037673
5 0.061407 0.490351 0.033085 0.047066
5 0.787820 0.706938 0.017433 0.042287
8 0.516217 0.621015 0.059575 0.034720
8 0.682031 0.809375 0.404687 0.381250
8 0.904953 0.696881 0.056777 0.090952
4 0.841545 0.675374 0.004751 0.010965
5 0.841558 0.677718 0.006368 0.020349
