8 0.314844 0.164844 0.629687 0.329688
5 0.239844 0.191406 0.214062 0.276562
3 0.178019 0.200781 0.034611 0.040625
2 0.173886 0.105469 0.058494 0.117188
8 0.166406 0.717969 0.332813 0.564063
8 0.597656 0.828125 0.064062 0.343750
2 0.301517 0.434375 0.025118 0.020313
2 0.346665 0.596875 0.037845 0.059375
2 0.133801 0.659375 0.034502 0.021875
2 0.064378 0.909375 0.053307 0.031250
3 0.137558 0.685156 0.018832 0.014063
3 0.067226 0.957031 0.014162 0.017188
4 0.029687 0.974219 0.059375 0.051562
4 0.124703 0.746094 0.039590 0.090625
4 0.307335 0.508594 0.044368 0.106250
4 0.361885 0.666406 0.068087 0.154688
5 0.372314 0.753906 0.163119 0.375000
5 0.299181 0.567187 0.081360 0.287500
5 0.137684 0.797656 0.126764 0.303125
5 0.072656 0.946875 0.145313 0.106250
7 0.795601 0.782813 0.025336 0.057813
7 0.895701 0.900000 0.025236 0.040625
7 0.936212 0.919531 0.028480 0.060937
7 0.910939 0.966406 0.028489 0.062500
0 0.937280 0.870313 0.015734 0.018750
0 0.895933 0.860156 0.017315 0.021875
0 0.795892 0.732812 0.015743 0.020313
5 0.795442 0.810156 0.032304 0.181250
5 0.894531 0.924219 0.029687 0.151562
5 0.909375 0.954688 0.050000 0.090625
5 0.938281 0.929688 0.039062 0.140625
