7 0.328125 0.386770 0.140625 0.320386
3 0.284375 0.167748 0.042188 0.048928
2 0.260156 0.061719 0.079687 0.123438
5 0.396875 0.289844 0.368750 0.579688
8 0.325000 0.289844 0.650000 0.579688
4 0.825000 0.503906 0.350000 0.151562
2 0.825000 0.078906 0.350000 0.157812
5 0.825000 0.289844 0.350000 0.579688
3 0.838281 0.388281 0.323437 0.382812
0 0.293750 0.726505 0.076563 0.110266
3 0.302344 0.778748 0.026562 0.058122
7 0.384375 0.775450 0.115625 0.156033
5 0.349219 0.761797 0.185938 0.216226
5 0.825000 0.789844 0.350000 0.420312
4 0.825000 0.902344 0.350000 0.195312
1 0.852344 0.795312 0.295312 0.225000
2 0.825000 0.625000 0.350000 0.090625
