5 0.264062 0.230469 0.150000 0.460938
5 0.483594 0.275000 0.289062 0.550000
5 0.667188 0.300000 0.193750 0.500000
5 0.766666 0.086398 0.039617 0.095540
5 0.672939 0.089759 0.017533 0.059475
4 0.671454 0.103031 0.017378 0.032912
4 0.769905 0.105948 0.017387 0.034475
2 0.768002 0.047345 0.026726 0.028280
2 0.672866 0.077259 0.017306 0.020412
2 0.714386 0.097031 0.094259 0.088045
2 0.778136 0.177868 0.111510 0.099083
2 0.934503 0.064719 0.033022 0.036128
2 0.935144 0.174875 0.100518 0.089644
1 0.928499 0.106870 0.023592 0.026699
1 0.939587 0.267086 0.063000 0.086301
1 0.696200 0.193797 0.064608 0.094123
1 0.385156 0.110937 0.092188 0.143750
1 0.742894 0.297190 0.085066 0.119241
4 0.458594 0.338281 0.239063 0.423438
4 0.649219 0.388281 0.126562 0.323437
4 0.728906 0.457813 0.229687 0.184375
4 0.899219 0.419531 0.176563 0.260937
4 0.989062 0.162500 0.021875 0.071875
2 0.137392 0.683624 0.103998 0.150600
3 0.119383 0.810858 0.065925 0.051944
4 0.108594 0.891406 0.189062 0.217188
5 0.134375 0.798438 0.268750 0.403125
8 0.669531 0.760156 0.660937 0.420312
8 0.867969 0.735156 0.264062 0.370312
