7 0.246094 0.387500 0.245312 0.362500
5 0.229687 0.284375 0.278125 0.568750
0 0.251563 0.063281 0.190625 0.126562
3 0.277364 0.192931 0.100165 0.149010
8 0.684375 0.284375 0.631250 0.568750
8 0.437500 0.423438 0.137500 0.290625
9 0.111123 0.917235 0.098584 0.147439
7 0.042188 0.872656 0.084375 0.254688
7 0.227256 0.825929 0.081669 0.170776
3 0.008594 0.730469 0.017188 0.045312
3 0.222068 0.715795 0.009666 0.025055
0 0.202945 0.683873 0.052362 0.069050
0 0.009375 0.664062 0.018750 0.059375
5 0.079687 0.784375 0.159375 0.431250
5 0.230469 0.791406 0.151562 0.417187
5 0.918750 0.784375 0.162500 0.431250
2 0.828125 0.583594 0.118750 0.029687
2 0.671094 0.585156 0.107813 0.032813
1 0.533594 0.592969 0.120313 0.048438
1 0.675204 0.646515 0.069805 0.091025
1 0.913281 0.586719 0.073438 0.035937
1 0.875413 0.663320 0.095186 0.123983
4 0.950781 0.778125 0.098437 0.393750
4 0.890625 0.862500 0.218750 0.275000
4 0.735156 0.831250 0.210938 0.337500
4 0.547656 0.784375 0.357812 0.431250
