7 0.498437 0.120313 0.140625 0.240625
7 0.156250 0.097656 0.181250 0.195312
0 0.280469 0.062500 0.082812 0.125000
3 0.247055 0.097243 0.028461 0.058140
5 0.159375 0.209375 0.318750 0.418750
5 0.478125 0.209375 0.196875 0.418750
8 0.769531 0.251563 0.179688 0.334375
0 0.613702 0.640975 0.080006 0.055615
0 0.365433 0.609178 0.094105 0.062028
0 0.660156 0.646094 0.039062 0.026562
0 0.674219 0.632812 0.010937 0.018750
3 0.663548 0.668120 0.012573 0.012645
3 0.591600 0.679783 0.039217 0.027017
3 0.358951 0.648949 0.040770 0.025473
7 0.334269 0.728355 0.141643 0.176636
7 0.601562 0.776563 0.156250 0.193750
4 0.675781 0.675781 0.007812 0.035937
4 0.653906 0.702344 0.051562 0.073438
5 0.657813 0.711719 0.043750 0.182812
5 0.657813 0.672656 0.043750 0.079687
5 0.583594 0.803125 0.192188 0.393750
5 0.312852 0.783578 0.214982 0.429035
8 0.785937 0.757812 0.212500 0.484375
