9 0.505469 0.128906 0.092188 0.257812
0 0.649219 0.303083 0.018750 0.015734
5 0.643750 0.380469 0.043750 0.176563
7 0.951562 0.434136 0.028125 0.064226
0 0.952344 0.380225 0.017188 0.023537
5 0.948438 0.416406 0.040625 0.104688
8 0.195312 0.752344 0.390625 0.495312
2 0.357812 0.525261 0.026562 0.023592
2 0.400000 0.702359 0.040625 0.065861
2 0.168750 0.763861 0.039062 0.026790
3 0.171875 0.791968 0.020313 0.015743
4 0.156250 0.856902 0.045312 0.100264
4 0.360938 0.606493 0.051562 0.115925
4 0.414844 0.778835 0.078125 0.170767
5 0.394531 0.833594 0.129688 0.332813
5 0.350781 0.669052 0.096875 0.314626
5 0.168750 0.872656 0.146875 0.254688
6 0.684375 0.734375 0.450000 0.531250
4 0.506250 0.920312 0.093750 0.159375
3 0.497656 0.754687 0.076563 0.153125
5 0.671875 0.734375 0.425000 0.531250
