3 0.270313 0.575542 0.068750 0.152362
7 0.368750 0.666406 0.100000 0.304688
0 0.239844 0.339178 0.228125 0.418279
5 0.271094 0.470313 0.295312 0.696875
1 0.803125 0.327592 0.254688 0.185776
4 0.776563 0.644531 0.393750 0.348438
2 0.798438 0.108896 0.268750 0.140627
5 0.746094 0.425781 0.507812 0.785937
5 0.503125 0.409375 0.168750 0.818750
6 0.358594 0.978125 0.064062 0.043750
6 0.348438 0.896875 0.087500 0.156250
6 0.939844 0.972656 0.045312 0.054688
6 0.828125 0.981250 0.025000 0.037500
6 0.711719 0.985156 0.017188 0.029687
6 0.581250 0.992188 0.012500 0.015625
