7 0.098944 0.200000 0.018832 0.014063
5 0.098990 0.192188 0.022075 0.034375
8 0.150000 0.221094 0.293750 0.442188
8 0.775000 0.284375 0.450000 0.568750
5 0.650189 0.192188 0.028889 0.131250
0 0.165905 0.759375 0.015770 0.025000
0 0.107243 0.771094 0.015761 0.023438
3 0.166577 0.778125 0.006305 0.009375
4 0.178210 0.792969 0.028352 0.039062
4 0.100707 0.820312 0.020658 0.059375
5 0.096810 0.818750 0.044459 0.121875
5 0.170284 0.812500 0.050782 0.134375
3 0.770729 0.765625 0.021957 0.014063
2 0.774726 0.750000 0.028225 0.017188
4 0.770534 0.799219 0.056523 0.046875
5 0.760868 0.849219 0.113773 0.218750
