6 0.565625 0.007031 0.015625 0.014063
6 0.482031 0.024219 0.012500 0.031250
9 0.882031 0.100000 0.235937 0.200000
0 0.116406 0.369531 0.232813 0.332813
0 0.247656 0.404687 0.153125 0.179688
0 0.430469 0.313281 0.039062 0.185938
3 0.267188 0.604688 0.089063 0.110937
3 0.185938 0.613281 0.051562 0.204687
4 0.148438 0.873437 0.296875 0.253125
4 0.278906 0.836719 0.192188 0.326562
5 0.289844 0.653906 0.245312 0.692187
5 0.144531 0.600000 0.289062 0.800000
0 0.583594 0.528906 0.189062 0.209375
3 0.575000 0.711719 0.098437 0.093750
4 0.547656 0.842969 0.195312 0.314063
5 0.563281 0.710156 0.226562 0.579688
5 0.935937 0.678125 0.128125 0.643750
