5 0.885156 0.289844 0.182812 0.557813
5 0.809375 0.042969 0.037500 0.085938
5 0.903514 0.050607 0.017533 0.059475
4 0.904218 0.063892 0.017378 0.032912
4 0.806598 0.057074 0.015825 0.034466
2 0.811719 0.006250 0.026562 0.012500
2 0.905931 0.038120 0.017297 0.018850
2 0.862090 0.053491 0.092687 0.086474
2 0.792122 0.128086 0.109939 0.097511
2 0.644531 0.007812 0.032813 0.015625
2 0.636758 0.109213 0.098947 0.088073
1 0.561719 0.018750 0.026562 0.037500
1 0.514062 0.072656 0.090625 0.145313
1 0.648082 0.042870 0.023583 0.025136
1 0.623722 0.201328 0.061437 0.086292
1 0.872450 0.152773 0.064599 0.092560
1 0.815632 0.250102 0.083494 0.117669
4 0.898438 0.378906 0.121875 0.379688
4 0.803906 0.444531 0.223438 0.248438
4 0.640625 0.398438 0.168750 0.340625
4 0.537500 0.328906 0.137500 0.479687
4 0.574354 0.092443 0.039472 0.070540
1 0.886719 0.910156 0.226562 0.179688
2 0.870313 0.667188 0.259375 0.196875
5 0.734375 0.784375 0.531250 0.431250
