7 0.135937 0.189062 0.271875 0.378125
5 0.173437 0.192188 0.346875 0.384375
3 0.541406 0.014063 0.064062 0.028125
3 0.838281 0.026562 0.067187 0.053125
7 0.802168 0.249971 0.279435 0.495359
4 0.521875 0.243750 0.206250 0.487500
5 0.590625 0.264844 0.343750 0.529687
5 0.789062 0.264844 0.421875 0.529687
5 0.933594 0.264844 0.132812 0.529687
0 0.381250 0.642969 0.075000 0.104688
0 0.309477 0.678435 0.061301 0.062855
0 0.147403 0.618439 0.088009 0.088009
0 0.069310 0.624362 0.062909 0.070676
3 0.375370 0.724147 0.047175 0.051835
3 0.287143 0.734036 0.022039 0.028252
3 0.111039 0.679590 0.018932 0.031359
3 0.061820 0.679876 0.034566 0.033012
4 0.053906 0.822656 0.107813 0.242188
4 0.140923 0.847391 0.145386 0.282086
4 0.280080 0.862988 0.115272 0.208476
4 0.353125 0.871094 0.131250 0.257812
5 0.335938 0.793750 0.165625 0.412500
5 0.271094 0.818750 0.204687 0.362500
5 0.117969 0.783594 0.235937 0.432812
5 0.064062 0.789062 0.128125 0.421875
