8 0.271875 0.358594 0.515625 0.342187
6 0.947656 0.264844 0.104688 0.529687
2 0.829688 0.123327 0.151562 0.143069
3 0.849219 0.363057 0.107813 0.113127
4 0.875781 0.464844 0.248438 0.129688
5 0.814063 0.264844 0.371875 0.529687
1 0.246094 0.732031 0.492188 0.307812
4 0.264844 0.891406 0.529687 0.217188
5 0.264844 0.764844 0.529687 0.470313
8 0.726562 0.870313 0.393750 0.259375
7 0.957812 0.774817 0.015625 0.021966
5 0.957812 0.767785 0.018750 0.045422
8 0.866406 0.764844 0.267188 0.470313
8 0.922656 0.764844 0.154688 0.470313
