6 0.063281 0.400933 0.032813 0.050191
9 0.178906 0.294531 0.242188 0.589063
6 0.766406 0.254930 0.046875 0.070585
6 0.651563 0.260512 0.026562 0.042342
6 0.534375 0.269987 0.018750 0.036047
6 0.401562 0.284058 0.012500 0.026635
6 0.153125 0.593750 0.006250 0.009375
6 0.146875 0.641390 0.014063 0.050082
6 0.102344 0.602344 0.007812 0.026562
6 0.079687 0.633186 0.010937 0.040689
6 0.074219 0.618311 0.007812 0.035983
6 0.285156 0.636725 0.015625 0.057903
6 0.228906 0.697336 0.026562 0.082967
6 0.003906 0.689844 0.007812 0.067187
6 0.017188 0.610948 0.007812 0.031295
6 0.094531 0.595313 0.007812 0.012500
