8 0.775000 0.229687 0.450000 0.459375
5 0.396094 0.818750 0.307812 0.362500
5 0.230469 0.795312 0.354687 0.409375
5 0.107031 0.749219 0.214062 0.501563
3 0.010937 0.674219 0.021875 0.048438
3 0.149885 0.670438 0.042578 0.067433
3 0.287744 0.742290 0.059702 0.056595
3 0.454813 0.761630 0.058140 0.056586
2 0.474054 0.677146 0.069086 0.058212
2 0.309401 0.645292 0.086365 0.073937
2 0.138821 0.558006 0.098983 0.094323
2 0.023438 0.584375 0.046875 0.075000
4 0.075000 0.835156 0.150000 0.329688
4 0.246875 0.873437 0.225000 0.253125
4 0.424219 0.888281 0.179688 0.223438
