3 0.194932 0.149254 0.042569 0.065870
0 0.186624 0.064143 0.088118 0.106759
7 0.246767 0.330208 0.173693 0.313500
5 0.237500 0.284375 0.384375 0.568750
7 0.928125 0.233594 0.143750 0.467187
7 0.740055 0.302473 0.249320 0.421749
7 0.567187 0.312500 0.234375 0.496875
0 0.667969 0.014844 0.104688 0.029687
3 0.945312 0.010156 0.078125 0.020313
3 0.682523 0.082488 0.058167 0.061274
5 0.577344 0.284375 0.254688 0.568750
5 0.761719 0.284375 0.351562 0.568750
5 0.892188 0.284375 0.215625 0.568750
8 0.177344 0.774219 0.354687 0.410938
8 0.725000 0.784375 0.550000 0.431250
