7 0.494531 0.125000 0.235937 0.250000
5 0.472656 0.304688 0.329688 0.609375
6 0.892145 0.241406 0.034730 0.060937
6 0.843399 0.160156 0.017387 0.034375
6 0.769185 0.159375 0.015789 0.028125
6 0.833365 0.139063 0.014199 0.023438
6 0.874027 0.132812 0.012636 0.023438
6 0.913911 0.125781 0.011065 0.021875
6 0.975635 0.125000 0.009493 0.020313
6 0.940356 0.146094 0.014226 0.028125
9 0.869531 0.435156 0.260937 0.348438
8 0.046094 0.681250 0.092188 0.143750
8 0.335156 0.804688 0.670312 0.390625
7 0.511019 0.714063 0.025245 0.042188
4 0.480077 0.929688 0.026799 0.040625
0 0.484960 0.896094 0.017342 0.026562
5 0.508552 0.735156 0.055506 0.140625
5 0.476562 0.939063 0.056250 0.121875
