9 0.313281 0.220237 0.026562 0.033122
9 0.178125 0.230383 0.023438 0.029960
9 0.010156 0.235156 0.020313 0.051562
8 0.714063 0.234375 0.571875 0.468750
8 0.531250 0.262500 0.384375 0.412500
5 0.917969 0.207063 0.031250 0.136301
6 0.278125 0.676078 0.021875 0.059630
6 0.030469 0.632571 0.012500 0.054833
9 0.169531 0.913281 0.339062 0.173437
6 0.146094 0.596416 0.009375 0.028234
6 0.001563 0.582812 0.003125 0.015625
6 0.053125 0.575803 0.004687 0.015680
6 0.068750 0.590829 0.004687 0.018805
6 0.075781 0.592473 0.010937 0.012627
6 0.082031 0.607390 0.009375 0.021984
6 0.107031 0.579556 0.004687 0.014117
6 0.111719 0.574141 0.003125 0.010974
6 0.168750 0.575586 0.003125 0.009411
6 0.181250 0.580419 0.003125 0.012536
6 0.220312 0.582436 0.003125 0.015661
6 0.232031 0.598979 0.006250 0.021948
6 0.308594 0.607682 0.003125 0.017224
6 0.266406 0.636879 0.009375 0.029797
