5 0.372656 0.096094 0.217188 0.192188
3 0.796875 0.343750 0.143750 0.290625
7 0.700781 0.290625 0.201563 0.396875
0 0.913281 0.244531 0.173437 0.489063
5 0.800000 0.244531 0.400000 0.489063
8 0.424219 0.633594 0.285938 0.289062
5 0.928125 0.779687 0.143750 0.440625
5 0.771094 0.753125 0.198437 0.493750
5 0.664844 0.789062 0.129688 0.421875
3 0.652751 0.710038 0.048692 0.044032
3 0.811590 0.666927 0.033194 0.065816
3 0.969957 0.705067 0.054987 0.051881
2 0.963281 0.600000 0.073438 0.065625
2 0.770057 0.554673 0.091116 0.084902
2 0.639844 0.616406 0.079687 0.067187
4 0.652344 0.867969 0.104688 0.264062
4 0.761719 0.846094 0.145313 0.307812
4 0.946875 0.861719 0.106250 0.276562
