8 0.239844 0.089844 0.479687 0.179688
5 0.121094 0.089844 0.242188 0.179688
6 0.631250 0.134375 0.303125 0.090625
6 0.317558 0.635826 0.099356 0.158385
6 0.057031 0.377344 0.114062 0.260937
6 0.373437 0.306250 0.162500 0.253125
6 0.129282 0.772082 0.066325 0.120694
6 0.248650 0.877641 0.039535 0.081477
6 0.233297 0.924607 0.031695 0.076744
6 0.267168 0.837688 0.042715 0.090870
6 0.254688 0.960938 0.034375 0.078125
6 0.127579 0.882252 0.045767 0.078389
6 0.278464 0.764964 0.066307 0.117569
6 0.109827 0.651097 0.088454 0.164572
6 0.146556 0.921205 0.033194 0.065816
6 0.165625 0.962500 0.028125 0.075000
6 0.171875 0.975781 0.025000 0.048438
8 0.702369 0.695334 0.220141 0.240335
8 0.818750 0.507812 0.362500 0.631250
5 0.824502 0.604776 0.037873 0.064281
