6 0.185938 0.341799 0.034375 0.051762
9 0.427344 0.223438 0.045312 0.434375
9 0.113281 0.275000 0.226562 0.550000
8 0.914844 0.275000 0.170313 0.550000
8 0.795312 0.370312 0.409375 0.359375
1 0.147656 0.748437 0.295312 0.303125
4 0.225000 0.897656 0.450000 0.204687
5 0.225000 0.775000 0.450000 0.450000
5 0.946875 0.775000 0.106250 0.450000
5 0.796094 0.775000 0.260937 0.450000
5 0.607812 0.775000 0.290625 0.450000
3 0.580469 0.642712 0.057813 0.055024
3 0.755469 0.610136 0.057813 0.055024
3 0.928906 0.569531 0.048438 0.039062
2 0.568750 0.561719 0.084375 0.023438
4 0.606250 0.828125 0.196875 0.343750
4 0.782031 0.791541 0.156250 0.319659
4 0.957031 0.782813 0.085938 0.409375
