0 0.270313 0.050000 0.015625 0.025000
0 0.327344 0.063281 0.015625 0.023438
3 0.269531 0.067969 0.006250 0.009375
4 0.258594 0.082031 0.028125 0.039062
4 0.332813 0.110937 0.021875 0.059375
5 0.336719 0.109375 0.043750 0.118750
5 0.264844 0.101562 0.051562 0.131250
6 0.860938 0.050000 0.015625 0.042188
6 0.664062 0.034375 0.021875 0.045312
9 0.754687 0.294531 0.490625 0.589063
8 0.320312 0.678906 0.293750 0.157812
8 0.071875 0.735156 0.143750 0.292187
8 0.264062 0.925000 0.265625 0.150000
8 0.703125 0.793750 0.387500 0.409375
7 0.515625 0.783594 0.012500 0.032813
5 0.521094 0.798438 0.023438 0.087500
