8 0.278906 0.336498 0.203125 0.175801
9 0.132031 0.130102 0.026562 0.033122
9 0.107813 0.126695 0.026562 0.029997
9 0.083594 0.119382 0.026562 0.034684
9 0.060937 0.113649 0.028125 0.031577
9 0.026562 0.105437 0.029687 0.031595
9 0.007812 0.100000 0.015625 0.031250
6 0.311719 0.193130 0.012500 0.007958
8 0.018750 0.416406 0.037500 0.204687
8 0.125781 0.259375 0.251563 0.518750
1 0.692969 0.086719 0.207813 0.173437
5 0.744531 0.259375 0.510938 0.518750
4 0.702344 0.328125 0.395313 0.381250
4 0.435156 0.602344 0.107813 0.139063
3 0.478906 0.532813 0.020313 0.028125
5 0.369531 0.739844 0.239063 0.442188
5 0.885938 0.579688 0.093750 0.121875
