1 0.109375 0.245407 0.120313 0.215462
8 0.478125 0.264844 0.243750 0.529687
0 0.175000 0.122656 0.212500 0.245312
0 0.273438 0.413281 0.196875 0.232813
7 0.251563 0.453906 0.440625 0.151562
7 0.071875 0.268750 0.143750 0.521875
5 0.142187 0.264844 0.284375 0.529687
5 0.263281 0.397656 0.492188 0.264062
2 0.883594 0.059715 0.056250 0.061592
3 0.983594 0.021094 0.032813 0.042188
4 0.980469 0.257812 0.039062 0.328125
4 0.935937 0.201563 0.128125 0.318750
4 0.820312 0.315229 0.178125 0.347385
7 0.801562 0.154688 0.181250 0.309375
7 0.655469 0.126562 0.110937 0.253125
5 0.950781 0.264844 0.098437 0.529687
5 0.901563 0.264844 0.196875 0.529687
5 0.827344 0.268750 0.251563 0.521875
5 0.778906 0.264844 0.295312 0.529687
5 0.677344 0.257031 0.154688 0.514062
1 0.167969 0.907813 0.335938 0.184375
2 0.210938 0.710938 0.421875 0.275000
4 0.274219 0.937500 0.548438 0.125000
5 0.300000 0.764844 0.600000 0.470313
8 0.801562 0.639844 0.396875 0.220312
