3 0.125781 0.096875 0.251563 0.193750
0 0.097656 0.103906 0.195312 0.207813
7 0.195312 0.346875 0.390625 0.165625
5 0.229687 0.214844 0.459375 0.429688
0 0.871875 0.089844 0.190625 0.179688
3 0.898930 0.085105 0.083694 0.152526
4 0.953906 0.200781 0.092188 0.373437
5 0.780469 0.214844 0.439063 0.429688
0 0.031951 0.663115 0.034584 0.036337
0 0.248148 0.624659 0.034575 0.034775
0 0.195686 0.604956 0.031450 0.034739
0 0.450781 0.578906 0.017188 0.039062
0 0.163101 0.644400 0.033031 0.037882
0 0.068565 0.644719 0.031459 0.036301
0 0.102041 0.624015 0.031450 0.034739
0 0.304635 0.664630 0.042669 0.083303
0 0.122571 0.661279 0.034620 0.042587
3 0.035303 0.702141 0.028234 0.019077
3 0.072667 0.678267 0.021984 0.019005
3 0.103004 0.655256 0.020422 0.018986
3 0.125152 0.701877 0.025136 0.023728
3 0.167966 0.674814 0.020440 0.022111
3 0.197453 0.640094 0.021993 0.020567
3 0.217316 0.696898 0.021993 0.020567
3 0.251505 0.664467 0.023556 0.020585
3 0.281111 0.650059 0.017278 0.015825
3 0.304771 0.688067 0.020431 0.020549
3 0.345278 0.667282 0.020431 0.020549
3 0.380361 0.654373 0.026681 0.020622
3 0.443057 0.687239 0.018850 0.017406
3 0.455469 0.618750 0.007812 0.025000
0 0.441406 0.646094 0.035937 0.048438
0 0.376200 0.610668 0.037709 0.036374
0 0.339577 0.627502 0.036137 0.034793
0 0.300606 0.643581 0.037700 0.034811
0 0.278549 0.612586 0.031432 0.031614
0 0.210835 0.657127 0.036156 0.037918
7 0.440625 0.708594 0.037500 0.164062
7 0.435937 0.780469 0.046875 0.170313
7 0.388646 0.735532 0.096212 0.155797
7 0.348003 0.732880 0.053943 0.141243
7 0.315373 0.764512 0.088391 0.154143
7 0.277386 0.681354 0.028361 0.040952
7 0.265209 0.736968 0.069568 0.141425
7 0.225556 0.770244 0.083658 0.146276
7 0.207056 0.679047 0.059711 0.058503
7 0.173067 0.745854 0.067869 0.117969
7 0.127123 0.772171 0.094568 0.141716
7 0.098503 0.687342 0.025136 0.023728
7 0.083000 0.708618 0.056523 0.047530
7 0.045837 0.766867 0.088254 0.130706
7 0.013281 0.751563 0.026562 0.118750
5 0.025000 0.810937 0.050000 0.378125
5 0.055469 0.817969 0.110937 0.364063
5 0.088233 0.802313 0.092725 0.361992
5 0.100646 0.652940 0.045876 0.097402
5 0.135937 0.817187 0.128125 0.365625
5 0.179658 0.804375 0.089618 0.365081
5 0.202164 0.643946 0.069423 0.116425
5 0.224219 0.816406 0.120313 0.367188
5 0.270233 0.794726 0.095977 0.383903
5 0.301383 0.777175 0.083395 0.369695
5 0.317969 0.810156 0.110937 0.379688
5 0.344470 0.796988 0.099057 0.376127
5 0.391406 0.794531 0.117188 0.410938
5 0.425781 0.809375 0.067187 0.381250
5 0.437500 0.778906 0.043750 0.442188
0 0.696875 0.728906 0.475000 0.542188
5 0.729688 0.714844 0.540625 0.570312
