0 0.142187 0.023438 0.162500 0.046875
3 0.121222 0.113584 0.059757 0.065970
7 0.142187 0.169531 0.284375 0.220312
5 0.172656 0.139844 0.345313 0.279687
6 0.747312 0.237853 0.025473 0.081395
6 0.956873 0.134287 0.006414 0.028161
7 0.790894 0.074313 0.004733 0.007840
7 0.842497 0.081044 0.004733 0.007840
7 0.850291 0.077874 0.007922 0.018795
2 0.942443 0.071088 0.004742 0.009402
2 0.895563 0.070579 0.004742 0.009402
2 0.851772 0.063802 0.003170 0.007831
5 0.942520 0.084369 0.012745 0.042260
5 0.896399 0.079950 0.009548 0.029742
5 0.851822 0.072396 0.009520 0.025055
5 0.842488 0.079482 0.006323 0.012536
5 0.797920 0.073491 0.007912 0.017233
5 0.790094 0.071193 0.004742 0.009402
4 0.942565 0.092181 0.009502 0.021930
4 0.895640 0.083860 0.007922 0.018795
8 0.364844 0.639844 0.729688 0.720313
