9 0.367188 0.063281 0.103125 0.126562
9 0.425000 0.046875 0.050000 0.093750
7 0.300000 0.082812 0.137500 0.165625
7 0.164062 0.028125 0.081250 0.056250
5 0.143750 0.176563 0.150000 0.353125
5 0.247656 0.219531 0.329688 0.439063
6 0.561719 0.387458 0.032813 0.047066
9 0.755469 0.219531 0.489063 0.439063
3 0.522656 0.115029 0.051562 0.075300
0 0.516406 0.028906 0.132812 0.057813
7 0.510156 0.271094 0.120313 0.335938
5 0.521094 0.219531 0.142187 0.439063
8 0.628906 0.628125 0.354687 0.378125
8 0.754687 0.789844 0.490625 0.420312
