8 0.844531 0.209375 0.310937 0.418750
4 0.107813 0.774219 0.215625 0.451562
5 0.173437 0.709375 0.346875 0.581250
0 0.958127 0.693489 0.078425 0.052017
0 0.704148 0.679512 0.092515 0.056786
0 0.992969 0.693750 0.014063 0.021875
3 0.938832 0.734000 0.039199 0.023665
3 0.699697 0.720110 0.039199 0.023665
7 0.681429 0.802813 0.135366 0.171094
7 0.942187 0.831250 0.115625 0.187500
4 0.989844 0.752344 0.020313 0.070312
5 0.992188 0.721875 0.015625 0.078125
5 0.931250 0.831250 0.137500 0.337500
5 0.664062 0.823438 0.190625 0.353125
