2 0.954688 0.191747 0.065625 0.052326
2 0.533594 0.261490 0.071875 0.061774
1 0.521094 0.322573 0.029687 0.042533
1 0.983594 0.253906 0.032813 0.054688
4 0.963281 0.317969 0.073438 0.101562
5 0.545312 0.301979 0.107813 0.154380
5 0.663281 0.357812 0.448437 0.103125
5 0.828906 0.204687 0.342187 0.409375
5 0.948438 0.269531 0.103125 0.223438
2 0.964844 0.037500 0.070312 0.075000
2 0.628125 0.366406 0.137500 0.085938
1 0.111719 0.614844 0.223438 0.267188
2 0.186719 0.437500 0.373437 0.056250
5 0.219531 0.704688 0.439063 0.590625
4 0.219531 0.823438 0.439063 0.353125
2 0.612500 0.650000 0.346875 0.418750
5 0.719531 0.704688 0.560937 0.590625
