9 0.467969 0.406250 0.082812 0.087500
0 0.323695 0.350015 0.011101 0.014126
7 0.324777 0.375792 0.022293 0.036065
5 0.327302 0.391403 0.043369 0.101808
3 0.323823 0.360953 0.006323 0.006286
0 0.494389 0.314645 0.009520 0.012555
5 0.488357 0.333431 0.033376 0.048628
4 0.483615 0.328771 0.019041 0.025109
9 0.890625 0.078906 0.168750 0.157812
2 0.610156 0.089844 0.201563 0.179688
3 0.757752 0.075212 0.107577 0.114681
3 0.589844 0.310156 0.160938 0.179688
4 0.783594 0.253906 0.326562 0.392188
5 0.661719 0.225000 0.304688 0.450000
5 0.861719 0.088281 0.182812 0.176563
5 0.753125 0.225000 0.487500 0.450000
8 0.232813 0.855469 0.465625 0.289062
1 0.856250 0.751563 0.287500 0.331250
2 0.796875 0.535937 0.406250 0.171875
4 0.754687 0.906250 0.490625 0.187500
5 0.754687 0.725000 0.490625 0.550000
