8 0.447770 0.065068 0.033231 0.036128
9 0.475304 0.081633 0.036319 0.033022
3 0.404729 0.125751 0.009520 0.012555
0 0.406845 0.106233 0.023856 0.036074
5 0.400187 0.205407 0.074602 0.234793
4 0.554611 0.116467 0.033522 0.061128
0 0.561914 0.072763 0.017460 0.023537
5 0.549651 0.160186 0.071114 0.203525
5 0.667969 0.241406 0.157812 0.376563
1 0.257031 0.718750 0.514062 0.353125
2 0.285156 0.488281 0.570312 0.117188
4 0.294531 0.871094 0.589063 0.257812
5 0.294531 0.714844 0.589063 0.570312
8 0.760156 0.714844 0.342187 0.570312
8 0.794531 0.797656 0.410938 0.404687
