8 0.198437 0.129688 0.396875 0.259375
8 0.500000 0.155469 0.400000 0.289062
5 0.583728 0.106250 0.031559 0.053125
0 0.927920 0.163281 0.122311 0.075000
9 0.723437 0.083594 0.046875 0.082812
9 0.850000 0.207813 0.300000 0.184375
3 0.940810 0.230469 0.083058 0.042188
4 0.929688 0.253125 0.140625 0.093750
5 0.897656 0.209375 0.204687 0.181250
6 0.527083 0.628906 0.286240 0.589063
2 0.326361 0.484375 0.147684 0.139063
3 0.346900 0.714063 0.105315 0.107813
4 0.382812 0.874219 0.262500 0.251563
5 0.403906 0.665625 0.551562 0.668750
4 0.850000 0.808594 0.300000 0.382812
5 0.850000 0.650000 0.300000 0.700000
1 0.831957 0.573438 0.210848 0.253125
2 0.803125 0.351562 0.206250 0.103125
