0 0.311719 0.297656 0.014063 0.067187
4 0.308594 0.392969 0.020313 0.114062
9 0.659375 0.225000 0.681250 0.450000
8 0.092969 0.739844 0.185938 0.398438
8 0.251563 0.745313 0.134375 0.246875
8 0.221094 0.553906 0.107813 0.207813
7 0.279108 0.684952 0.014208 0.025164
5 0.280666 0.684153 0.018932 0.031468
0 0.283736 0.674742 0.006305 0.009448
0 0.196673 0.885144 0.014153 0.015789
3 0.196741 0.896863 0.007867 0.009466
7 0.193671 0.906274 0.023592 0.026835
5 0.192058 0.897698 0.026799 0.040934
9 0.063281 0.944531 0.126562 0.110937
9 0.139844 0.950000 0.098437 0.100000
9 0.212500 0.951562 0.193750 0.096875
9 0.274219 0.909375 0.089063 0.053125
9 0.288281 0.940625 0.060937 0.118750
8 0.200781 0.853906 0.235937 0.154688
8 0.754687 0.725000 0.490625 0.550000
0 0.984375 0.803906 0.031250 0.054688
7 0.984375 0.800000 0.031250 0.109375
5 0.982031 0.832031 0.035937 0.179688
