7 0.497656 0.239772 0.100000 0.317769
7 0.118750 0.322446 0.150000 0.210248
0 0.233594 0.264746 0.065625 0.126944
0 0.465625 0.033594 0.075000 0.067187
3 0.467187 0.091512 0.023438 0.032949
3 0.203906 0.318044 0.018750 0.032922
5 0.139844 0.418750 0.254688 0.440625
5 0.482812 0.319531 0.125000 0.639062
9 0.609375 0.443750 0.118750 0.190625
0 0.874219 0.388974 0.020313 0.043868
4 0.875781 0.419433 0.032813 0.048628
5 0.879687 0.441285 0.050000 0.156541
4 0.249219 0.819531 0.254688 0.360938
0 0.123438 0.700000 0.084375 0.121875
5 0.196094 0.819531 0.392188 0.360938
8 0.728125 0.819531 0.356250 0.360938
