8 0.201579 0.447542 0.223284 0.244769
8 0.123438 0.300000 0.246875 0.600000
5 0.069216 0.371744 0.037873 0.064499
5 0.935937 0.332031 0.128125 0.614062
5 0.833594 0.418750 0.192188 0.440625
5 0.735655 0.236151 0.039617 0.095767
5 0.828601 0.238976 0.017533 0.059575
4 0.830086 0.252239 0.017378 0.033012
4 0.732416 0.255719 0.015825 0.034557
2 0.734319 0.197107 0.026726 0.028434
2 0.828669 0.227257 0.017306 0.020512
2 0.787935 0.246480 0.094259 0.088591
2 0.724190 0.326904 0.111510 0.099728
2 0.568599 0.215440 0.033022 0.036319
2 0.567958 0.325597 0.100518 0.090226
2 0.487476 0.194511 0.029851 0.028470
2 0.393750 0.107031 0.128125 0.164062
1 0.487194 0.242948 0.028352 0.039390
1 0.436136 0.291196 0.107232 0.169986
1 0.574604 0.257555 0.022030 0.026817
1 0.563520 0.417048 0.063000 0.086665
1 0.805340 0.343146 0.064599 0.092933
1 0.758651 0.446026 0.085057 0.118169
4 0.850781 0.506250 0.126562 0.265625
4 0.770312 0.576562 0.228125 0.125000
4 0.601562 0.539062 0.175000 0.200000
4 0.450000 0.478906 0.240625 0.320312
4 0.505526 0.314605 0.039481 0.072330
5 0.274219 0.819531 0.110937 0.360938
8 0.547656 0.840625 0.435937 0.318750
