7 0.007031 0.316406 0.014063 0.048438
5 0.019531 0.342969 0.039062 0.173437
8 0.269531 0.214844 0.539062 0.429688
8 0.603125 0.110937 0.128125 0.221875
8 0.951562 0.239844 0.096875 0.242188
8 0.349219 0.578906 0.379688 0.298438
8 0.310156 0.508594 0.117188 0.157812
8 0.524219 0.491406 0.029687 0.123438
0 0.585441 0.528906 0.078507 0.065625
3 0.607097 0.566406 0.032976 0.028125
4 0.626206 0.639062 0.122711 0.143750
4 0.896094 0.484375 0.207813 0.109375
5 0.826562 0.611719 0.346875 0.364063
5 0.632812 0.692187 0.187500 0.409375
