9 0.339844 0.390677 0.090625 0.139590
9 0.185156 0.358527 0.093750 0.088045
7 0.265625 0.333995 0.112500 0.245967
3 0.279687 0.196577 0.031250 0.042369
0 0.290625 0.134141 0.042188 0.054933
5 0.269531 0.234375 0.195312 0.468750
8 0.714844 0.234375 0.570312 0.468750
8 0.528906 0.122656 0.198437 0.245312
3 0.179688 0.489063 0.143750 0.040625
7 0.189844 0.734375 0.379688 0.531250
5 0.214844 0.734375 0.429688 0.531250
3 0.928906 0.524789 0.040625 0.039299
2 0.661719 0.584172 0.068750 0.062900
2 0.935937 0.481250 0.046875 0.025000
4 0.896875 0.646478 0.129688 0.225754
5 0.716406 0.699334 0.226562 0.295068
5 0.910156 0.663281 0.179688 0.389062
