5 0.539062 0.291100 0.020313 0.031368
7 0.542188 0.294243 0.010937 0.020376
8 0.517969 0.294531 0.201563 0.289062
8 0.331250 0.017188 0.075000 0.034375
8 0.404687 0.124219 0.428125 0.248438
4 0.809375 0.392969 0.381250 0.092188
1 0.761719 0.244531 0.285938 0.389062
5 0.809375 0.219531 0.381250 0.439063
1 0.307812 0.661648 0.509375 0.331088
2 0.347656 0.473438 0.464062 0.068750
4 0.309375 0.863281 0.618750 0.273438
5 0.309375 0.719531 0.618750 0.560937
4 0.762500 0.600000 0.243750 0.321875
4 0.874219 0.490625 0.104688 0.103125
0 0.682031 0.500781 0.126562 0.123438
3 0.627344 0.578906 0.017188 0.070312
5 0.809375 0.719531 0.381250 0.560937
5 0.691406 0.719531 0.145313 0.560937
