1 0.733594 0.085156 0.532813 0.170313
4 0.634375 0.216406 0.731250 0.126562
5 0.634375 0.139844 0.731250 0.279687
1 0.105469 0.613281 0.210938 0.498437
1 0.219531 0.667188 0.098437 0.350000
6 0.774219 0.657016 0.043750 0.125509
6 0.965625 0.436039 0.006250 0.025073
6 0.974219 0.426564 0.006250 0.023510
6 0.980469 0.418679 0.004687 0.018805
6 0.984375 0.413946 0.004687 0.015680
6 0.929688 0.462238 0.018750 0.067406
6 0.936719 0.455125 0.012500 0.061083
6 0.935156 0.471550 0.007812 0.040716
6 0.896094 0.486067 0.017188 0.047075
6 0.922656 0.456070 0.009375 0.034484
6 0.881250 0.447177 0.009375 0.029797
6 0.823438 0.439256 0.007812 0.026653
6 0.754687 0.434587 0.007812 0.025091
6 0.684375 0.432280 0.006250 0.023510
6 0.607812 0.436296 0.007812 0.023528
6 0.534375 0.440276 0.006250 0.023510
6 0.482031 0.446354 0.006250 0.023510
6 0.468750 0.497289 0.015625 0.047057
6 0.432812 0.455520 0.009375 0.028234
6 0.407813 0.483155 0.012500 0.039208
6 0.402344 0.467593 0.009375 0.034484
6 0.598437 0.506718 0.017188 0.054887
6 0.758594 0.501729 0.017188 0.053325
6 0.857812 0.552137 0.025000 0.075291
6 0.539062 0.557409 0.028125 0.080015
6 0.323437 0.529449 0.021875 0.064317
6 0.270313 0.497656 0.003125 0.045312
6 0.290625 0.475925 0.010937 0.037627
6 0.350781 0.455693 0.009375 0.029797
6 0.426563 0.443874 0.007812 0.023528
6 0.496875 0.435243 0.006250 0.021948
6 0.592969 0.428656 0.006250 0.021948
6 0.692187 0.426721 0.007812 0.021966
6 0.783594 0.428782 0.007812 0.021966
6 0.876563 0.433169 0.007812 0.023528
6 0.960156 0.440009 0.009375 0.028234
6 0.396094 0.958594 0.048438 0.082812
