4 0.504687 0.342969 0.115625 0.051562
2 0.566406 0.278875 0.045312 0.053652
5 0.460156 0.307031 0.260937 0.123438
0 0.816406 0.735433 0.060937 0.069459
0 0.982031 0.667188 0.035937 0.118750
0 0.700781 0.973497 0.026562 0.033122
0 0.421094 0.917376 0.039062 0.041080
2 0.336719 0.968358 0.026562 0.034684
7 0.406250 0.976562 0.043750 0.046875
5 0.414844 0.947656 0.070312 0.104688
5 0.814844 0.849219 0.135937 0.301563
5 0.932031 0.801562 0.135937 0.396875
4 0.947656 0.862500 0.104688 0.275000
4 0.823438 0.893163 0.090625 0.193242
4 0.714844 0.660052 0.015625 0.036119
0 0.714063 0.631936 0.012500 0.015770
5 0.710938 0.681972 0.031250 0.119114
