4 0.548438 0.039844 0.156250 0.079687
5 0.550781 0.269531 0.217188 0.539062
0 0.848280 0.221094 0.007849 0.006250
0 0.855329 0.224219 0.007867 0.009375
7 0.850701 0.234375 0.009466 0.015625
7 0.859317 0.238281 0.012627 0.021875
5 0.860108 0.239844 0.017433 0.042188
5 0.849965 0.242188 0.022166 0.050000
1 0.415625 0.875000 0.487500 0.250000
2 0.370312 0.656250 0.578125 0.234375
5 0.329688 0.769531 0.659375 0.460938
8 0.829276 0.733594 0.048856 0.071875
6 0.902228 0.784375 0.007903 0.015625
6 0.930040 0.864844 0.009511 0.023438
6 0.955917 0.881250 0.011101 0.028125
6 0.932011 0.800781 0.007912 0.017188
7 0.985422 0.850000 0.009457 0.014063
7 0.967436 0.846875 0.007885 0.012500
7 0.961195 0.848437 0.009466 0.015625
0 0.983015 0.839063 0.006286 0.006250
5 0.987012 0.854688 0.015843 0.037500
5 0.969816 0.853125 0.015834 0.035937
5 0.962798 0.855469 0.015843 0.037500
5 0.868080 0.823438 0.014226 0.028125
0 0.792921 0.796094 0.004706 0.003125
5 0.794529 0.803906 0.012627 0.021875
6 0.895274 0.797656 0.009457 0.014063
6 0.941286 0.783594 0.007912 0.017188
7 0.887239 0.759375 0.006305 0.009375
5 0.888824 0.763281 0.011065 0.021875
8 0.905871 0.739062 0.028370 0.042188
9 0.876842 0.717969 0.028270 0.025000
9 0.859009 0.741406 0.032985 0.029687
7 0.672382 0.891406 0.006305 0.009375
5 0.672391 0.892969 0.011065 0.021875
