0 0.292969 0.159375 0.114062 0.318750
5 0.292969 0.189844 0.114062 0.379688
8 0.779687 0.142969 0.440625 0.285938
1 0.242188 0.565625 0.093750 0.214062
0 0.265625 0.460938 0.168750 0.162500
7 0.296094 0.832031 0.107813 0.273438
7 0.132031 0.697656 0.264062 0.604688
5 0.175000 0.689844 0.350000 0.620313
5 0.292969 0.787500 0.114062 0.425000
0 0.700781 0.538281 0.029687 0.037500
0 0.403125 0.582812 0.028125 0.042188
7 0.414062 0.657813 0.042188 0.093750
3 0.405469 0.614844 0.010937 0.015625
5 0.415625 0.709375 0.065625 0.300000
3 0.703125 0.572656 0.012500 0.017188
7 0.709375 0.631250 0.046875 0.125000
5 0.710938 0.673438 0.071875 0.307812
