5 0.515625 0.368750 0.046875 0.134375
7 0.515194 0.343295 0.033449 0.055069
0 0.514013 0.310464 0.012645 0.012645
5 0.240350 0.125224 0.006523 0.023510
8 0.234073 0.127495 0.062065 0.097584
9 0.204876 0.152158 0.022275 0.034630
9 0.167921 0.172044 0.046112 0.069277
7 0.225851 0.162560 0.008031 0.018841
5 0.225751 0.171154 0.008394 0.050091
8 0.057813 0.369531 0.115625 0.307812
8 0.107031 0.284375 0.214062 0.568750
6 0.502021 0.400962 0.006723 0.040698
8 0.350316 0.075715 0.019186 0.037718
9 0.290423 0.052359 0.009557 0.015734
9 0.309273 0.043983 0.004778 0.007867
9 0.309909 0.056492 0.009539 0.014172
9 0.308174 0.071318 0.014262 0.017351
9 0.297954 0.076669 0.014317 0.022039
9 0.287652 0.089050 0.015880 0.022057
9 0.272890 0.081846 0.014262 0.017351
8 0.769531 0.284375 0.460938 0.568750
5 0.096875 0.784375 0.193750 0.431250
5 0.316406 0.784375 0.326562 0.431250
5 0.467187 0.784375 0.143750 0.431250
3 0.483482 0.673835 0.066752 0.097639
2 0.266406 0.635938 0.151562 0.134375
2 0.050781 0.620313 0.101562 0.103125
4 0.479687 0.858594 0.118750 0.282813
1 0.248438 0.888281 0.140625 0.223438
1 0.026562 0.835938 0.053125 0.193750
1 0.871875 0.707812 0.256250 0.275000
4 0.769531 0.922656 0.460938 0.154688
5 0.769531 0.784375 0.460938 0.431250
