9 0.291925 0.182138 0.282868 0.281398
9 0.102344 0.235156 0.204687 0.282813
9 0.075781 0.384375 0.151562 0.350000
8 0.310156 0.697656 0.298438 0.276562
6 0.508682 0.826914 0.039681 0.106705
6 0.631924 0.657500 0.015861 0.040807
6 0.747385 0.628030 0.014281 0.037664
6 0.890894 0.584951 0.014272 0.036101
6 0.482860 0.685799 0.014272 0.036101
6 0.486670 0.669347 0.007967 0.026653
6 0.563932 0.654385 0.011119 0.031377
6 0.688796 0.629493 0.011101 0.028252
6 0.857506 0.889266 0.066661 0.178889
6 0.923657 0.575975 0.012682 0.031395
6 0.784749 0.604156 0.012691 0.032958
6 0.933594 0.573438 0.010937 0.028125
6 0.962500 0.561719 0.009375 0.004687
6 0.911929 0.574549 0.009502 0.021984
6 0.895312 0.567969 0.009375 0.017188
6 0.846313 0.576875 0.007912 0.017278
6 0.837092 0.603547 0.014262 0.034539
6 0.839368 0.591801 0.007949 0.023528
6 0.841694 0.588648 0.006368 0.020385
6 0.800278 0.587568 0.007903 0.015716
6 0.776137 0.601131 0.007940 0.021966
6 0.768338 0.603566 0.007931 0.020403
6 0.714486 0.613568 0.007931 0.020403
6 0.693424 0.619282 0.007931 0.020403
6 0.637233 0.630093 0.007940 0.021966
6 0.591971 0.639214 0.007912 0.017278
6 0.581810 0.638551 0.007912 0.017278
6 0.597358 0.625088 0.006332 0.014135
6 0.570046 0.630875 0.006323 0.012573
6 0.540458 0.648407 0.006368 0.020385
6 0.526396 0.648571 0.007922 0.018841
6 0.489700 0.652905 0.006350 0.017260
6 0.505261 0.641785 0.006323 0.012573
6 0.479571 0.657710 0.007931 0.020403
6 0.548957 0.631901 0.006323 0.012573
