3 0.021094 0.131250 0.042188 0.075000
7 0.132031 0.272656 0.264062 0.432812
5 0.155469 0.244531 0.310937 0.489063
8 0.759375 0.244531 0.481250 0.489063
3 0.466406 0.956250 0.085938 0.087500
2 0.425781 0.658594 0.167187 0.179688
5 0.335689 0.723786 0.080387 0.120776
5 0.315625 0.766406 0.387500 0.467187
3 0.533594 0.766406 0.048438 0.067187
3 0.904821 0.815618 0.056532 0.048765
0 0.894755 0.696922 0.169704 0.165044
0 0.564063 0.611719 0.109375 0.148438
4 0.639844 0.889062 0.260937 0.221875
4 0.901563 0.898438 0.196875 0.203125
5 0.842969 0.798438 0.314063 0.403125
5 0.669531 0.758594 0.320312 0.482812
