9 0.061858 0.285895 0.031405 0.026926
9 0.032106 0.296487 0.029833 0.025345
8 0.325952 0.283499 0.029878 0.033158
9 0.295420 0.294082 0.032985 0.030069
3 0.356021 0.352603 0.007876 0.011028
0 0.358483 0.332318 0.018950 0.034593
5 0.344531 0.375781 0.045312 0.126562
4 0.211717 0.311859 0.026899 0.058122
0 0.211976 0.267328 0.015752 0.022057
5 0.207031 0.346094 0.045312 0.185938
8 0.714844 0.214844 0.570312 0.429688
8 0.214844 0.719531 0.429688 0.560937
8 0.834375 0.632031 0.331250 0.385937
8 0.592969 0.802344 0.326562 0.395313
5 0.463506 0.698612 0.030006 0.055033
