7 0.384375 0.171094 0.109375 0.195312
3 0.388361 0.080469 0.031795 0.046875
0 0.383594 0.020313 0.051562 0.040625
5 0.395313 0.304688 0.087500 0.609375
8 0.683027 0.371875 0.453128 0.403125
8 0.557813 0.458594 0.237500 0.301563
8 0.219531 0.803906 0.439063 0.389062
7 0.459308 0.799219 0.014390 0.028125
0 0.458009 0.776563 0.006359 0.009375
5 0.456792 0.814063 0.019732 0.084375
5 0.825688 0.667188 0.006541 0.025000
8 0.818630 0.669531 0.062101 0.100000
9 0.789414 0.696094 0.022293 0.035937
9 0.750879 0.717969 0.047711 0.071875
7 0.811171 0.706250 0.006468 0.018750
5 0.811071 0.714844 0.008431 0.053125
8 0.614844 0.885156 0.167187 0.229687
8 0.617188 0.804688 0.356250 0.390625
8 0.939063 0.620313 0.018750 0.021875
9 0.895312 0.613281 0.012500 0.007812
9 0.884375 0.617188 0.012500 0.015625
9 0.874589 0.627344 0.015880 0.021875
9 0.859046 0.620313 0.014281 0.018750
