0 0.312500 0.212500 0.012500 0.050000
5 0.107031 0.062500 0.110937 0.125000
1 0.698438 0.430469 0.603125 0.139063
2 0.655469 0.189062 0.659375 0.309375
5 0.659375 0.250000 0.681250 0.500000
0 0.044531 0.548438 0.089063 0.096875
0 0.122656 0.573438 0.060937 0.062500
0 0.275781 0.525000 0.085938 0.050000
3 0.060937 0.622656 0.048438 0.053125
3 0.147656 0.626563 0.021875 0.028125
3 0.312500 0.564063 0.012500 0.031250
4 0.269531 0.728125 0.098437 0.278125
4 0.162500 0.751563 0.120313 0.204687
4 0.082031 0.810937 0.164062 0.343750
5 0.103906 0.750000 0.207813 0.500000
5 0.171875 0.765625 0.221875 0.468750
5 0.254688 0.750000 0.128125 0.500000
5 0.420312 0.750000 0.203125 0.500000
5 0.371094 0.750000 0.104688 0.500000
5 0.587500 0.750000 0.328125 0.500000
5 0.772656 0.750000 0.357812 0.500000
5 0.900000 0.740625 0.200000 0.481250
4 0.931250 0.621875 0.137500 0.243750
4 0.755469 0.623437 0.226562 0.246875
4 0.569531 0.593750 0.179688 0.187500
4 0.389844 0.644531 0.142187 0.289062
4 0.339062 0.708594 0.040625 0.417187
