1 0.184375 0.872656 0.368750 0.254688
2 0.184375 0.617188 0.368750 0.284375
5 0.184375 0.734375 0.368750 0.531250
4 0.850781 0.519531 0.192188 0.101562
7 0.422656 0.691406 0.107813 0.445312
1 0.466736 0.600000 0.022130 0.043750
0 0.488338 0.553125 0.051962 0.068750
0 0.633709 0.563281 0.086510 0.098437
7 0.548400 0.805469 0.233168 0.329688
6 0.560156 0.926562 0.092188 0.146875
5 0.467994 0.682031 0.108177 0.331250
5 0.552344 0.749219 0.273438 0.501563
5 0.420312 0.726562 0.103125 0.515625
5 0.839063 0.520312 0.281250 0.103125
