5 0.324948 0.194396 0.017433 0.042287
8 0.388281 0.155469 0.123438 0.273438
8 0.225000 0.225000 0.450000 0.450000
1 0.742607 0.249270 0.229652 0.263827
4 0.795312 0.348438 0.409375 0.203125
5 0.725000 0.225000 0.550000 0.450000
8 0.225000 0.730469 0.450000 0.539062
8 0.224219 0.725000 0.448437 0.550000
9 0.557005 0.594001 0.045558 0.042451
9 0.689958 0.618992 0.067478 0.050391
9 0.682764 0.590827 0.042397 0.036183
9 0.664936 0.614941 0.051844 0.048737
9 0.783736 0.624225 0.058122 0.053461
9 0.936897 0.631366 0.061265 0.056605
8 0.475781 0.771094 0.051562 0.145313
8 0.855469 0.889844 0.289062 0.220312
8 0.453125 0.475781 0.006250 0.035937
9 0.500182 0.495236 0.026708 0.025155
9 0.519695 0.492225 0.025145 0.025145
9 0.559466 0.479957 0.012627 0.021948
9 0.544654 0.485339 0.032967 0.026753
