0 0.562034 0.058972 0.019186 0.037609
0 0.864286 0.135736 0.023892 0.039199
0 0.729584 0.163079 0.019114 0.031359
4 0.716738 0.192694 0.019314 0.048547
4 0.866811 0.187316 0.041480 0.073674
4 0.985938 0.039844 0.028125 0.079687
4 0.656892 0.098589 0.072258 0.167597
4 0.552077 0.108917 0.014517 0.039144
5 0.722352 0.180225 0.035157 0.067387
5 0.863659 0.189642 0.068915 0.148828
5 0.978906 0.108594 0.042188 0.217188
3 0.864658 0.170896 0.011119 0.015689
3 0.670312 0.013281 0.021875 0.026562
3 0.510926 0.019610 0.033231 0.036128
5 0.668750 0.204687 0.125000 0.409375
5 0.558490 0.094891 0.030960 0.109548
5 0.504687 0.204687 0.150000 0.409375
7 0.496317 0.133595 0.120006 0.242869
6 0.455402 0.493292 0.016061 0.037591
6 0.581329 0.481524 0.019295 0.046984
6 0.731837 0.505839 0.036756 0.070522
6 0.956855 0.572778 0.038555 0.090843
9 0.689063 0.766406 0.540625 0.467187
6 0.360938 0.477344 0.003125 0.017188
6 0.387842 0.457741 0.007994 0.015670
9 0.367969 0.434375 0.017188 0.037500
