0 0.442188 0.178906 0.053125 0.107813
3 0.445312 0.232592 0.025000 0.057958
7 0.363281 0.232288 0.114062 0.155351
5 0.387500 0.215625 0.162500 0.212500
1 0.916406 0.056250 0.167187 0.112500
4 0.835938 0.308594 0.328125 0.382812
5 0.793750 0.250000 0.412500 0.500000
5 0.642969 0.250000 0.348438 0.500000
8 0.770312 0.821875 0.459375 0.356250
0 0.752344 0.951275 0.009375 0.004742
7 0.750781 0.960659 0.017188 0.014162
5 0.747656 0.963802 0.025000 0.034520
0 0.752344 0.977837 0.009375 0.004742
7 0.746875 0.987244 0.017188 0.015725
5 0.748437 0.985938 0.025000 0.028125
