8 0.783594 0.270313 0.432812 0.334375
0 0.971094 0.525000 0.057813 0.031250
0 0.925000 0.509709 0.046875 0.026835
3 0.921094 0.532388 0.034375 0.011137
3 0.960156 0.550130 0.023438 0.012636
7 0.916406 0.566406 0.079687 0.045312
5 0.947656 0.548438 0.104688 0.081250
5 0.884375 0.540625 0.168750 0.096875
0 0.975781 0.378164 0.007812 0.004733
7 0.975781 0.387539 0.015625 0.012591
5 0.978125 0.390650 0.020313 0.031368
0 0.971875 0.403968 0.009375 0.004742
7 0.975781 0.413320 0.015625 0.014153
5 0.974219 0.417235 0.020313 0.031368
0 0.214062 0.714316 0.006250 0.009411
7 0.211719 0.731517 0.009375 0.025055
7 0.214062 0.745566 0.017188 0.073537
8 0.846094 0.813281 0.307812 0.373437
7 0.600781 0.977344 0.023438 0.045312
0 0.588281 0.947624 0.009375 0.014117
5 0.598437 0.969531 0.034375 0.060937
7 0.544531 0.659375 0.010937 0.040625
5 0.548438 0.679688 0.018750 0.118750
