5 0.164844 0.300000 0.329688 0.600000
6 0.692187 0.145765 0.059375 0.100345
6 0.906250 0.097645 0.048438 0.090907
6 0.962500 0.007812 0.021875 0.015625
6 0.833594 0.012500 0.020313 0.025000
6 0.679688 0.020838 0.020313 0.040743
6 0.558594 0.030917 0.018750 0.036047
6 0.448437 0.047964 0.018750 0.036047
6 0.375000 0.052298 0.017188 0.032912
6 0.344531 0.054819 0.018750 0.036047
6 0.361719 0.046125 0.017188 0.034475
6 0.706250 0.010937 0.015625 0.021875
6 0.592969 0.018217 0.017188 0.034475
6 0.504687 0.032012 0.015625 0.034466
9 0.664844 0.350000 0.670312 0.500000
