2 0.179336 0.195015 0.034830 0.039262
4 0.164062 0.279687 0.056250 0.100000
5 0.171875 0.248438 0.118750 0.162500
4 0.199423 0.628437 0.191644 0.222975
0 0.256601 0.481239 0.144605 0.074274
3 0.299779 0.530204 0.041080 0.039299
3 0.492303 0.365813 0.058303 0.042524
2 0.449219 0.347656 0.073438 0.035937
5 0.478906 0.482031 0.220312 0.304688
5 0.293691 0.717726 0.467465 0.563619
8 0.794531 0.821875 0.410938 0.356250
8 0.688281 0.885938 0.198437 0.228125
2 0.802948 0.817413 0.017460 0.023537
3 0.805055 0.837712 0.012609 0.009448
4 0.808008 0.852538 0.031723 0.040807
5 0.802039 0.895538 0.067698 0.178507
