8 0.250781 0.209375 0.501563 0.418750
0 0.071624 0.398438 0.011019 0.014063
7 0.072656 0.411719 0.014063 0.014063
5 0.076563 0.405469 0.025000 0.026562
2 0.967187 0.141406 0.065625 0.085938
3 0.975781 0.292187 0.048438 0.140625
5 0.842187 0.232813 0.315625 0.371875
8 0.403906 0.610156 0.551562 0.382812
8 0.331250 0.780469 0.662500 0.439063
7 0.222109 0.882031 0.031450 0.034375
7 0.663096 0.541406 0.029878 0.032813
2 0.216450 0.849219 0.015725 0.017188
2 0.659799 0.511719 0.015725 0.017188
5 0.652344 0.552344 0.054688 0.098437
5 0.222041 0.870313 0.040980 0.060937
3 0.789887 0.546094 0.017287 0.017188
2 0.782656 0.511719 0.025118 0.020313
4 0.799625 0.608594 0.066252 0.107813
5 0.806148 0.655469 0.109667 0.318750
