5 0.043694 0.556275 0.017351 0.028325
7 0.040582 0.558655 0.007931 0.020403
8 0.072656 0.574219 0.145313 0.298438
9 0.014063 0.201563 0.028125 0.068750
9 0.063455 0.192739 0.086292 0.061937
9 0.334640 0.205209 0.064381 0.055433
9 0.293252 0.208816 0.083194 0.066589
8 0.313283 0.294526 0.064617 0.096058
8 0.209375 0.288281 0.418750 0.454688
0 0.628221 0.131893 0.047284 0.070858
1 0.630206 0.204531 0.012673 0.029833
4 0.594251 0.336208 0.081151 0.252490
4 0.432812 0.259375 0.028125 0.168750
5 0.436719 0.333594 0.035937 0.354687
5 0.602573 0.423617 0.131934 0.656178
8 0.209375 0.894531 0.418750 0.210938
