3 0.157812 0.053906 0.234375 0.107813
7 0.199219 0.264844 0.398438 0.529687
5 0.238281 0.264844 0.476562 0.529687
8 0.744531 0.264844 0.510938 0.529687
6 0.074648 0.807852 0.075854 0.147311
6 0.201563 0.545312 0.034375 0.031250
9 0.283594 0.789844 0.410938 0.420312
6 0.492188 0.953125 0.006250 0.021875
6 0.493857 0.952216 0.009511 0.023492
6 0.510958 0.937273 0.009502 0.021930
6 0.514837 0.932563 0.009502 0.021930
6 0.554688 0.994531 0.028125 0.010937
6 0.590432 0.900090 0.014208 0.025082
6 0.601410 0.907058 0.017378 0.032912
6 0.668375 0.868386 0.020503 0.032931
6 0.787561 0.808315 0.022111 0.040752
6 0.914723 0.776325 0.026853 0.050155
6 0.644047 0.849777 0.012636 0.023510
9 0.883594 0.885156 0.232813 0.229687
6 0.686793 0.811246 0.012609 0.018823
6 0.712424 0.785314 0.011037 0.017251
9 0.682623 0.765956 0.034620 0.042387
