5 0.436719 0.279687 0.154688 0.518750
5 0.542969 0.269531 0.351562 0.539062
5 0.741406 0.269531 0.326562 0.539062
5 0.867188 0.269531 0.265625 0.539062
3 0.812003 0.077079 0.055269 0.050318
3 0.646278 0.067521 0.044568 0.070567
3 0.495552 0.138515 0.061628 0.059730
2 0.475000 0.035156 0.090625 0.070312
2 0.803906 0.009375 0.092188 0.018750
4 0.866047 0.290660 0.176475 0.396312
4 0.750000 0.305469 0.215625 0.467187
4 0.532031 0.342969 0.229687 0.392188
4 0.396094 0.337500 0.073438 0.331250
1 0.284375 0.729688 0.150000 0.159375
4 0.075000 0.769531 0.150000 0.460938
4 0.202344 0.858594 0.314063 0.226562
5 0.082812 0.769531 0.165625 0.460938
5 0.179688 0.760938 0.359375 0.443750
2 0.214062 0.593750 0.290625 0.109375
1 0.764844 0.589844 0.257812 0.101562
4 0.467969 0.689844 0.217188 0.301563
4 0.728939 0.690050 0.511975 0.226401
5 0.475781 0.695312 0.232813 0.312500
5 0.676562 0.676562 0.634375 0.275000
