1 0.110937 0.201563 0.221875 0.403125
4 0.231250 0.358594 0.462500 0.342187
5 0.234375 0.264844 0.468750 0.529687
1 0.606250 0.442969 0.275000 0.173437
2 0.634375 0.200000 0.331250 0.187500
5 0.734375 0.308594 0.531250 0.442188
1 0.207031 0.946875 0.354687 0.106250
2 0.214844 0.656250 0.407813 0.253125
5 0.234375 0.764844 0.468750 0.470313
4 0.900000 0.825781 0.200000 0.195312
3 0.814202 0.716213 0.023728 0.025136
0 0.856644 0.670651 0.141298 0.058631
5 0.671875 0.635156 0.312500 0.210938
5 0.827344 0.817187 0.345313 0.365625
