0 0.422459 0.025794 0.023674 0.040898
0 0.276252 0.047025 0.017378 0.033012
4 0.260450 0.077676 0.019059 0.053343
4 0.422137 0.081263 0.041080 0.078598
4 0.203125 0.031250 0.071875 0.062500
5 0.267549 0.065875 0.034793 0.072275
5 0.418217 0.083652 0.068106 0.158594
5 0.553906 0.060156 0.045312 0.120313
3 0.421460 0.063303 0.011028 0.015752
5 0.209375 0.190625 0.109375 0.381250
5 0.097656 0.011719 0.029687 0.023438
5 0.050000 0.211719 0.100000 0.423438
7 0.043750 0.065625 0.087500 0.131250
8 0.756250 0.338281 0.212500 0.482812
8 0.825000 0.326562 0.350000 0.506250
7 0.489063 0.589063 0.028125 0.018750
8 0.325000 0.789844 0.650000 0.420312
