0 0.017969 0.356250 0.035937 0.078125
1 0.698406 0.284336 0.120786 0.175691
3 0.757031 0.030469 0.079687 0.060937
4 0.743750 0.246875 0.250000 0.465625
5 0.807813 0.239844 0.378125 0.479687
5 0.428906 0.946094 0.060937 0.107813
8 0.412500 0.540625 0.146875 0.121875
0 0.591181 0.559070 0.012736 0.020385
5 0.599219 0.575781 0.039062 0.057813
8 0.757031 0.630469 0.276562 0.301563
4 0.694835 0.515305 0.025364 0.031395
0 0.700000 0.484375 0.012500 0.009375
3 0.698532 0.497359 0.009484 0.009430
5 0.690625 0.508594 0.043750 0.057813
