4 0.887766 0.300148 0.125764 0.131977
2 0.908355 0.213306 0.043877 0.022130
5 0.892188 0.332813 0.184375 0.271875
3 0.515717 0.532133 0.021993 0.020440
3 0.499833 0.487693 0.017297 0.018850
3 0.465577 0.508205 0.020422 0.018868
3 0.418770 0.520197 0.021993 0.020440
3 0.356302 0.526029 0.023565 0.022011
3 0.313156 0.495810 0.020431 0.020431
3 0.021808 0.507662 0.034548 0.029887
3 0.078762 0.494049 0.025127 0.022020
3 0.128912 0.519539 0.025145 0.025145
3 0.197549 0.499608 0.028252 0.022039
3 0.279703 0.520225 0.023583 0.025136
0 0.124219 0.482031 0.045312 0.026562
0 0.196094 0.472656 0.039062 0.007812
0 0.280469 0.479687 0.039062 0.021875
0 0.356250 0.485156 0.037500 0.032813
0 0.421094 0.485156 0.035937 0.032813
0 0.462500 0.478906 0.034375 0.020313
0 0.520312 0.489063 0.037500 0.040625
7 0.038281 0.606250 0.076563 0.196875
7 0.079866 0.549513 0.066052 0.073819
7 0.125533 0.610187 0.111983 0.180333
7 0.197222 0.577738 0.102444 0.152153
7 0.235937 0.498437 0.059375 0.059375
7 0.276265 0.600716 0.100964 0.166207
7 0.357556 0.607275 0.077399 0.144195
7 0.316449 0.524698 0.044105 0.061192
7 0.356946 0.502587 0.062809 0.053489
7 0.412500 0.507812 0.075000 0.078125
7 0.424779 0.613134 0.072775 0.155106
7 0.474698 0.598780 0.052390 0.142487
7 0.493783 0.522104 0.026772 0.036092
7 0.505469 0.611719 0.067187 0.154688
5 0.050000 0.700781 0.100000 0.464062
5 0.074219 0.658594 0.073438 0.379688
5 0.121094 0.693750 0.139063 0.450000
5 0.193750 0.664844 0.115625 0.392188
5 0.235937 0.633594 0.075000 0.329688
5 0.271875 0.683594 0.112500 0.429688
5 0.311719 0.652344 0.073438 0.367188
5 0.338281 0.632812 0.054688 0.328125
5 0.351562 0.675781 0.106250 0.414062
5 0.410938 0.632031 0.093750 0.326562
5 0.417969 0.675781 0.085938 0.414062
5 0.460156 0.660156 0.073438 0.382812
5 0.493750 0.646094 0.065625 0.354687
5 0.496875 0.682813 0.084375 0.428125
8 0.769531 0.760938 0.460938 0.478125
