1 0.336259 0.167359 0.033058 0.042378
1 0.310405 0.180009 0.014144 0.014144
1 0.245734 0.285069 0.037855 0.061156
1 0.049209 0.226058 0.031468 0.037682
0 0.040070 0.185488 0.045649 0.058076
0 0.121443 0.163921 0.045649 0.058076
0 0.239765 0.236668 0.059839 0.080033
0 0.415838 0.185645 0.058294 0.083149
0 0.327202 0.112726 0.045649 0.058076
0 0.307480 0.145652 0.033103 0.050191
7 0.347710 0.213384 0.097448 0.099001
7 0.468750 0.296875 0.062500 0.225000
7 0.196074 0.361136 0.138745 0.214862
7 0.144798 0.312218 0.122975 0.189772
7 0.057813 0.310937 0.115625 0.184375
5 0.082812 0.328906 0.165625 0.360938
5 0.158594 0.317969 0.189062 0.382812
5 0.224219 0.351562 0.248438 0.315625
5 0.301707 0.198027 0.077435 0.150445
5 0.329959 0.175989 0.141789 0.200818
5 0.442188 0.317188 0.115625 0.384375
8 0.750000 0.317188 0.500000 0.384375
5 0.769012 0.330254 0.017451 0.045412
3 0.121696 0.531163 0.039272 0.036165
3 0.176563 0.513281 0.028125 0.007812
3 0.232031 0.521094 0.029687 0.023438
7 0.132025 0.635787 0.170050 0.224419
7 0.189492 0.560455 0.080187 0.086401
7 0.250911 0.611659 0.143360 0.202390
7 0.314844 0.577344 0.129688 0.135937
7 0.401562 0.583594 0.131250 0.148438
7 0.467969 0.570312 0.064062 0.121875
5 0.150781 0.745313 0.260937 0.471875
5 0.203906 0.691406 0.145313 0.364063
5 0.261719 0.724219 0.220312 0.429688
5 0.328906 0.684375 0.185938 0.350000
5 0.359375 0.646875 0.140625 0.275000
5 0.410156 0.694531 0.179688 0.370312
5 0.437500 0.656250 0.125000 0.293750
5 0.453906 0.632812 0.092188 0.246875
5 0.453906 0.676562 0.092188 0.334375
8 0.750000 0.754687 0.500000 0.490625
