4 0.675781 0.065625 0.157812 0.131250
5 0.724219 0.219531 0.289062 0.439063
8 0.353906 0.725000 0.451562 0.550000
0 0.522507 0.938281 0.031595 0.029687
0 0.243191 0.903125 0.045822 0.043750
0 0.205546 0.890625 0.031668 0.035937
0 0.171570 0.857812 0.045858 0.046875
0 0.065502 0.873437 0.030087 0.034375
0 0.049441 0.835938 0.031668 0.035937
0 0.006250 0.900781 0.012500 0.026562
3 0.155555 0.891406 0.012664 0.014063
3 0.207472 0.921875 0.018986 0.020313
3 0.232727 0.943750 0.020567 0.021875
1 0.516611 0.968750 0.022093 0.018750
7 0.260937 0.965625 0.081250 0.068750
7 0.203125 0.959375 0.056250 0.081250
7 0.159375 0.948438 0.075000 0.103125
7 0.069531 0.983594 0.035937 0.032813
7 0.041406 0.938281 0.073438 0.123438
5 0.045312 0.906250 0.090625 0.187500
5 0.060937 0.927344 0.096875 0.145313
5 0.148438 0.914844 0.118750 0.170313
5 0.198437 0.934375 0.087500 0.131250
5 0.246875 0.940625 0.128125 0.118750
5 0.499219 0.957812 0.117188 0.084375
7 0.939063 0.543750 0.121875 0.187500
5 0.910156 0.682813 0.179688 0.465625
