5 0.169531 0.363281 0.101562 0.215625
5 0.319531 0.377344 0.098437 0.226562
4 0.164062 0.316406 0.032813 0.050000
4 0.336719 0.335156 0.037500 0.064062
0 0.172656 0.271875 0.023438 0.026562
3 0.173437 0.290625 0.006250 0.007812
3 0.334375 0.302344 0.004687 0.007812
0 0.342187 0.282031 0.021875 0.025000
8 0.617188 0.207813 0.175000 0.415625
8 0.764844 0.359375 0.470313 0.381250
8 0.224219 0.775000 0.448437 0.450000
8 0.388281 0.725781 0.282813 0.351562
7 0.357812 0.711719 0.029687 0.039062
5 0.357031 0.710938 0.035937 0.048438
8 0.708594 0.741406 0.357812 0.382812
8 0.795312 0.822656 0.409375 0.354687
