1 0.210156 0.032031 0.123438 0.064062
0 0.035156 0.127344 0.070312 0.254688
7 0.095312 0.170313 0.190625 0.278125
7 0.353125 0.154688 0.453125 0.309375
7 0.503906 0.154688 0.151562 0.309375
5 0.486719 0.154688 0.185938 0.309375
5 0.292969 0.154688 0.573438 0.309375
5 0.107031 0.154688 0.214062 0.309375
5 0.625781 0.154688 0.092188 0.309375
6 0.546252 0.386494 0.009520 0.025055
6 0.468140 0.384605 0.009520 0.025055
6 0.411877 0.387276 0.009520 0.025055
6 0.393594 0.441287 0.020603 0.050118
6 0.358711 0.394616 0.011119 0.031314
6 0.328873 0.420570 0.017433 0.042287
6 0.325063 0.404186 0.012709 0.036010
6 0.530972 0.461580 0.023783 0.059511
6 0.463498 0.511190 0.036437 0.086147
6 0.235664 0.462517 0.028534 0.070476
6 0.176498 0.426925 0.019032 0.048547
6 0.204755 0.404105 0.014299 0.040707
6 0.271256 0.387313 0.012682 0.031323
6 0.351761 0.380594 0.009520 0.025055
6 0.429123 0.377019 0.007949 0.023483
6 0.531458 0.377987 0.009511 0.023492
6 0.275781 0.942187 0.060937 0.115625
6 0.795015 0.618794 0.037809 0.053343
9 0.868750 0.654687 0.262500 0.690625
