9 0.207628 0.221388 0.086810 0.151000
9 0.126306 0.207943 0.098937 0.087083
7 0.268750 0.203906 0.100000 0.282813
0 0.292969 0.014063 0.051562 0.028125
5 0.251563 0.254688 0.134375 0.509375
6 0.551501 0.367771 0.033412 0.103507
6 0.391885 0.324511 0.027008 0.076872
6 0.697531 0.224168 0.014290 0.039226
6 0.814664 0.216157 0.011147 0.036065
6 0.462379 0.222213 0.011137 0.034502
6 0.959876 0.200660 0.012700 0.034520
6 0.547549 0.225548 0.011137 0.034502
6 0.554494 0.210786 0.006405 0.026635
6 0.631828 0.210123 0.009557 0.031359
6 0.756801 0.206890 0.009530 0.026672
6 0.361484 0.201509 0.006350 0.017260
6 0.880469 0.455469 0.057813 0.107813
6 0.992666 0.197136 0.011119 0.031377
6 0.854407 0.199433 0.011128 0.032940
6 0.525565 0.206543 0.009539 0.028234
6 0.390386 0.201064 0.007949 0.023528
6 0.982496 0.194674 0.007940 0.021966
6 0.967593 0.184345 0.007922 0.018841
6 0.917598 0.184544 0.007912 0.017278
6 0.904457 0.208608 0.012691 0.032958
6 0.909086 0.198507 0.006386 0.023510
6 0.911411 0.195409 0.006359 0.018823
6 0.871522 0.187133 0.007903 0.015716
6 0.846572 0.195436 0.007940 0.021966
6 0.837987 0.196898 0.007931 0.020403
6 0.784086 0.197052 0.007931 0.020403
6 0.763787 0.199159 0.006368 0.020385
6 0.707541 0.199286 0.006377 0.021948
6 0.661452 0.199531 0.007912 0.017278
6 0.652068 0.197860 0.007912 0.017278
6 0.669196 0.187903 0.004769 0.014117
6 0.641076 0.188357 0.004751 0.010992
6 0.609894 0.199712 0.006359 0.018823
6 0.596599 0.197214 0.006359 0.018823
6 0.559871 0.195224 0.006350 0.017260
6 0.577014 0.187612 0.004760 0.012555
6 0.548957 0.199003 0.006368 0.020385
6 0.507573 0.202428 0.007949 0.023528
6 0.495841 0.199948 0.007940 0.021966
6 0.620750 0.185777 0.004760 0.012555
6 0.479421 0.197413 0.007958 0.025091
6 0.473925 0.192662 0.006359 0.018823
6 0.445060 0.199357 0.007931 0.020403
6 0.416262 0.217770 0.009539 0.028234
6 0.354444 0.199865 0.006350 0.017260
6 0.349738 0.196685 0.004778 0.015680
8 0.085938 0.677344 0.171875 0.335938
8 0.658594 0.742188 0.339062 0.465625
