6 0.245769 0.210938 0.031514 0.045312
9 0.132812 0.275000 0.265625 0.550000
7 0.379688 0.260937 0.218750 0.521875
5 0.366406 0.275000 0.245312 0.550000
8 0.770312 0.314063 0.459375 0.387500
0 0.975438 0.439063 0.009402 0.004687
7 0.974712 0.448437 0.017269 0.014063
5 0.977078 0.452344 0.023637 0.034375
0 0.969343 0.465625 0.009402 0.004687
7 0.973313 0.476562 0.017278 0.015625
5 0.970211 0.480469 0.023637 0.034375
0 0.067187 0.850000 0.134375 0.209375
5 0.132031 0.869531 0.264062 0.260937
8 0.744531 0.775000 0.510938 0.450000
