3 0.046673 0.026118 0.023856 0.036074
0 0.311719 0.308594 0.054688 0.154688
7 0.028906 0.185156 0.057813 0.357812
5 0.036719 0.269531 0.073438 0.539062
0 0.725000 0.010156 0.021875 0.020313
0 0.775930 0.214478 0.020694 0.032931
0 0.844489 0.231284 0.019132 0.032922
7 0.838149 0.239060 0.041298 0.058049
7 0.720313 0.023438 0.037500 0.046875
7 0.640625 0.013281 0.059375 0.026562
5 0.655469 0.037500 0.092188 0.075000
5 0.725781 0.045312 0.060937 0.090625
5 0.774131 0.234781 0.036956 0.087709
5 0.838757 0.253908 0.043224 0.089308
1 0.169531 0.737500 0.339062 0.309375
4 0.169531 0.931250 0.339062 0.137500
5 0.169531 0.769531 0.339062 0.460938
1 0.543750 0.912500 0.409375 0.175000
2 0.551562 0.647656 0.425000 0.217188
5 0.667969 0.769531 0.657813 0.460938
