9 0.116102 0.343336 0.220677 0.166898
0 0.264196 0.103428 0.062137 0.103480
3 0.295037 0.138402 0.022620 0.064190
0 0.344329 0.131866 0.030269 0.050173
7 0.342856 0.258429 0.061393 0.173783
7 0.295208 0.325108 0.122204 0.297566
5 0.294531 0.300000 0.151562 0.600000
5 0.340625 0.319531 0.103125 0.560937
8 0.887500 0.300000 0.225000 0.600000
4 0.882493 0.080253 0.031650 0.034557
3 0.879640 0.056834 0.012645 0.012573
2 0.877451 0.043566 0.015770 0.012591
5 0.887861 0.088815 0.052835 0.109675
9 0.769792 0.165278 0.036465 0.045522
6 0.562500 0.607812 0.012500 0.015625
6 0.514844 0.635938 0.032813 0.071875
6 0.546094 0.889062 0.045312 0.146875
9 0.176563 0.800000 0.353125 0.400000
