4 0.149219 0.345313 0.298438 0.287500
5 0.218750 0.244531 0.437500 0.489063
1 0.781250 0.439063 0.396875 0.100000
2 0.688281 0.163281 0.417187 0.326562
5 0.739844 0.244531 0.520312 0.489063
8 0.423438 0.885938 0.112500 0.228125
9 0.038281 0.555469 0.076563 0.042188
9 0.344531 0.500000 0.073438 0.021875
9 0.352344 0.846875 0.045312 0.053125
9 0.189062 0.806250 0.043750 0.056250
9 0.317188 0.826562 0.120313 0.079687
9 0.365625 0.925000 0.079687 0.076563
0 0.392969 0.896094 0.009375 0.009375
7 0.395313 0.910937 0.010937 0.017188
5 0.394531 0.906250 0.014063 0.031250
0 0.254688 0.975781 0.009375 0.007812
4 0.253125 0.990625 0.015625 0.018750
5 0.256250 0.985156 0.028125 0.029687
5 0.269531 0.982812 0.029687 0.034375
0 0.264844 0.971875 0.010937 0.009375
0 0.295312 0.971875 0.012500 0.012500
0 0.301563 0.964063 0.010937 0.012500
6 0.366406 0.996094 0.014063 0.007812
5 0.296875 0.982031 0.021875 0.035937
5 0.306250 0.978125 0.021875 0.043750
7 0.297656 0.989062 0.017188 0.021875
7 0.307031 0.986719 0.017188 0.026562
7 0.267969 0.989062 0.023438 0.021875
6 0.237500 0.857031 0.009375 0.025000
6 0.228125 0.853125 0.009375 0.018750
6 0.232031 0.843750 0.009375 0.028125
7 0.835156 0.719531 0.034375 0.062500
3 0.829688 0.688281 0.009375 0.015625
0 0.822656 0.666406 0.025000 0.029687
8 0.739844 0.744531 0.520312 0.510938
