9 0.596875 0.285156 0.043750 0.070312
9 0.357178 0.248352 0.069114 0.063300
9 0.396308 0.259617 0.089490 0.074474
9 0.143410 0.167240 0.263354 0.149929
8 0.360825 0.338160 0.074019 0.100855
8 0.419531 0.290625 0.398438 0.378125
7 0.079607 0.212517 0.020531 0.037736
5 0.078844 0.215651 0.028525 0.069077
5 0.079839 0.252361 0.017315 0.022075
7 0.079861 0.256267 0.015707 0.014244
0 0.084935 0.188235 0.007876 0.011028
0 0.083713 0.246847 0.007858 0.007903
0 0.129039 0.248663 0.007867 0.009466
0 0.161715 0.224844 0.007876 0.011028
4 0.176809 0.267640 0.018968 0.037718
2 0.181319 0.237117 0.009430 0.009484
5 0.173675 0.266114 0.031668 0.072239
7 0.154816 0.247582 0.022066 0.033067
7 0.134590 0.262662 0.014181 0.020476
5 0.134571 0.259537 0.023610 0.029960
5 0.153262 0.249163 0.030069 0.065970
7 0.163619 0.283419 0.011028 0.015752
5 0.164359 0.276379 0.015807 0.031432
8 0.703906 0.142969 0.170313 0.251563
8 0.329671 0.847463 0.196476 0.202273
8 0.309375 0.789844 0.618750 0.420312
3 0.390536 0.834254 0.007876 0.011028
2 0.389664 0.818638 0.014162 0.017351
4 0.383613 0.853085 0.020522 0.036174
5 0.389845 0.849888 0.041107 0.083285
5 0.809375 0.739844 0.381250 0.520312
4 0.809375 0.864062 0.381250 0.271875
1 0.893750 0.659375 0.212500 0.250000
