1 0.162500 0.235937 0.237500 0.471875
8 0.375781 0.351562 0.051562 0.268750
0 0.524125 0.045890 0.015707 0.014244
5 0.522199 0.117793 0.035302 0.159775
7 0.806806 0.154327 0.025327 0.056541
7 0.908269 0.270342 0.025236 0.040916
7 0.949008 0.289401 0.028470 0.059702
7 0.924276 0.335785 0.028489 0.062827
0 0.949503 0.240173 0.015734 0.018932
0 0.907256 0.230508 0.017315 0.022075
0 0.806520 0.105109 0.015743 0.020494
5 0.806970 0.182452 0.032304 0.181614
5 0.908474 0.305499 0.029134 0.173765
5 0.922886 0.365491 0.051000 0.172457
5 0.952319 0.321396 0.038573 0.184811
5 0.035937 0.750000 0.071875 0.500000
8 0.675000 0.750000 0.650000 0.500000
5 0.528906 0.750000 0.214062 0.500000
7 0.472595 0.787415 0.086093 0.296294
3 0.463460 0.560162 0.034611 0.041025
